     147       0     111                             1
     147       2     111                             1
     147       5     111                             1
     147       8     111                             1
     147      20     111                             1
     147      24     111                             1
     147      27     111                             1
     147      30     111                             1
     148       3     112                             1
     148       6     112                             1
     148       9     112                             1
     148      12     112                             1
     148      17     112                             1
     148      21     112                             1
     148      25     112                             1
     148      28     112                             1
     149       1     113                             1
     149       4     113                             1
     149       7     113                             1
     149      10     113                             1
     149      13     113                             1
     149      15     113                             1
     149      18     113                             1
     149      22     113                             1
     150      11     114                             1
     150      14     114                             1
     150      16     114                             1
     150      19     114                             1
     150      23     114                             1
     150      26     114                             1
     150      29     114                             1
     150      31     114                             1
     151      32     111                             1
     151      48     112                             1
     151      64     113                             1
     151      80     114                             1
     152      33     111                             1
     152      49     112                             1
     152      65     113                             1
     152      81     114                             1
     153      34     111                             1
     153      50     112                             1
     153      66     113                             1
     153      82     114                             1
     154      35     111                             1
     154      51     112                             1
     154      67     113                             1
     154      83     114                             1
     155      36     111                             1
     155      52     112                             1
     155      68     113                             1
     155      84     114                             1
     156      37     111                             1
     156      53     112                             1
     156      69     113                             1
     156      85     114                             1
     157      38     111                             1
     157      54     112                             1
     157      70     113                             1
     157      86     114                             1
     158      39     111                             1
     158      55     112                             1
     158      71     113                             1
     158      87     114                             1
     159      40     111                             1
     159      56     112                             1
     159      72     113                             1
     159      88     114                             1
     160      41     111                             1
     160      57     112                             1
     160      73     113                             1
     160      89     114                             1
     161      42     111                             1
     161      58     112                             1
     161      74     113                             1
     161      90     114                             1
     162      43     111                             1
     162      59     112                             1
     162      75     113                             1
     162      91     114                             1
     163      44     111                             1
     163      60     112                             1
     163      76     113                             1
     163      92     114                             1
     164      45     111                             1
     164      61     112                             1
     164      77     113                             1
     164      93     114                             1
     165      46     111                             1
     165      62     112                             1
     165      78     113                             1
     165      94     114                             1
     166      47     111                             1
     166      63     112                             1
     166      79     113                             1
     166      95     114                             1
