       0      96                             1
       0      97                             1
       0      98                             1
       0      99                             1
       0     100                             1
       0     101                             1
       0     102                             1
       0     103                             1
       0     104                             1
       0     105                             1
       0     106                             1
       0     107                             1
       0     108                             1
       0     109                             1
       0     110                             1
       1       0                             1
       2       1                             1
       3       2                             1
       4       3                             1
       5       4                             1
       6       5                             1
       7       6                             1
       8       7                             1
       9       8                             1
      10       9                             1
      11      10                             1
      12      11                             1
      13      12                             1
      14      13                             1
      15      14                             1
      16      15                             1
      17      16                             1
      18      17                             1
      19      18                             1
      20      19                             1
      21      20                             1
      22      21                             1
      23      22                             1
      24      23                             1
      25      24                             1
      26      25                             1
      27      26                             1
      28      27                             1
      29      28                             1
      30      29                             1
      31      30                             1
      32      31                             1
      33      32                             1
      34      33                             1
      35      34                             1
      36      35                             1
      37      36                             1
      38      37                             1
      39      38                             1
      40      39                             1
      41      40                             1
      42      41                             1
      43      42                             1
      44      43                             1
      45      44                             1
      46      45                             1
      47      46                             1
      48      47                             1
      49      48                             1
      50      49                             1
      51      50                             1
      52      51                             1
      53      52                             1
      54      53                             1
      55      54                             1
      56      55                             1
      57      56                             1
      58      57                             1
      59      58                             1
      60      59                             1
      61      60                             1
      62      61                             1
      63      62                             1
      64      63                             1
      65      64                             1
      66      65                             1
      67      66                             1
      68      67                             1
      69      68                             1
      70      69                             1
      71      70                             1
      72      71                             1
      73      72                             1
      74      73                             1
      75      74                             1
      76      75                             1
      77      76                             1
      78      77                             1
      79      78                             1
      80      79                             1
      81      80                             1
      82      81                             1
      83      82                             1
      84      83                             1
      85      84                             1
      86      85                             1
      87      86                             1
      88      87                             1
      89      88                             1
      90      89                             1
      91      90                             1
      92      91                             1
      93      92                             1
      94      93                             1
      95      94                             1
      96      95                             1
      97       0                             1
      97       2                             1
      97       5                             1
      97       8                             1
      97      20                             1
      97      24                             1
      97      27                             1
      97      30                             1
      97      32                            -1
      97      33                            -1
      97      34                            -1
      97      35                            -1
      97      36                            -1
      97      37                            -1
      97      38                            -1
      97      39                            -1
      97      40                            -1
      97      41                            -1
      97      42                            -1
      97      43                            -1
      97      44                            -1
      97      45                            -1
      97      46                            -1
      97      47                            -1
      98       3                             1
      98       6                             1
      98       9                             1
      98      12                             1
      98      17                             1
      98      21                             1
      98      25                             1
      98      28                             1
      98      48                            -1
      98      49                            -1
      98      50                            -1
      98      51                            -1
      98      52                            -1
      98      53                            -1
      98      54                            -1
      98      55                            -1
      98      56                            -1
      98      57                            -1
      98      58                            -1
      98      59                            -1
      98      60                            -1
      98      61                            -1
      98      62                            -1
      98      63                            -1
      99       1                             1
      99       4                             1
      99       7                             1
      99      10                             1
      99      13                             1
      99      15                             1
      99      18                             1
      99      22                             1
      99      64                            -1
      99      65                            -1
      99      66                            -1
      99      67                            -1
      99      68                            -1
      99      69                            -1
      99      70                            -1
      99      71                            -1
      99      72                            -1
      99      73                            -1
      99      74                            -1
      99      75                            -1
      99      76                            -1
      99      77                            -1
      99      78                            -1
      99      79                            -1
     100      11                             1
     100      14                             1
     100      16                             1
     100      19                             1
     100      23                             1
     100      26                             1
     100      29                             1
     100      31                             1
     100      80                            -1
     100      81                            -1
     100      82                            -1
     100      83                            -1
     100      84                            -1
     100      85                            -1
     100      86                            -1
     100      87                            -1
     100      88                            -1
     100      89                            -1
     100      90                            -1
     100      91                            -1
     100      92                            -1
     100      93                            -1
     100      94                            -1
     100      95                            -1
     101       0                             1
     101       1                             1
     102       2                             1
     102       3                             1
     102       4                             1
     103       5                             1
     103       6                             1
     103       7                             1
     104       8                             1
     104       9                             1
     104      10                             1
     104      11                             1
     105      12                             1
     105      13                             1
     105      14                             1
     106      15                             1
     106      16                             1
     107      17                             1
     107      18                             1
     107      19                             1
     108      20                             1
     108      21                             1
     108      22                             1
     108      23                             1
     109      24                             1
     109      25                             1
     109      26                             1
     110      27                             1
     110      28                             1
     110      29                             1
     111      30                             1
     111      31                             1
     112       0                             1
     112       2                             1
     112       5                             1
     112       8                             1
     112      20                             1
     112      24                             1
     112      27                             1
     112      30                             1
     112      32                             1
     112      33                             1
     112      34                             1
     112      35                             1
     112      36                             1
     112      37                             1
     112      38                             1
     112      39                             1
     112      40                             1
     112      41                             1
     112      42                             1
     112      43                             1
     112      44                             1
     112      45                             1
     112      46                             1
     112      47                             1
     113       3                             1
     113       6                             1
     113       9                             1
     113      12                             1
     113      17                             1
     113      21                             1
     113      25                             1
     113      28                             1
     113      48                             1
     113      49                             1
     113      50                             1
     113      51                             1
     113      52                             1
     113      53                             1
     113      54                             1
     113      55                             1
     113      56                             1
     113      57                             1
     113      58                             1
     113      59                             1
     113      60                             1
     113      61                             1
     113      62                             1
     113      63                             1
     114       1                             1
     114       4                             1
     114       7                             1
     114      10                             1
     114      13                             1
     114      15                             1
     114      18                             1
     114      22                             1
     114      64                             1
     114      65                             1
     114      66                             1
     114      67                             1
     114      68                             1
     114      69                             1
     114      70                             1
     114      71                             1
     114      72                             1
     114      73                             1
     114      74                             1
     114      75                             1
     114      76                             1
     114      77                             1
     114      78                             1
     114      79                             1
     115      11                             1
     115      14                             1
     115      16                             1
     115      19                             1
     115      23                             1
     115      26                             1
     115      29                             1
     115      31                             1
     115      80                             1
     115      81                             1
     115      82                             1
     115      83                             1
     115      84                             1
     115      85                             1
     115      86                             1
     115      87                             1
     115      88                             1
     115      89                             1
     115      90                             1
     115      91                             1
     115      92                             1
     115      93                             1
     115      94                             1
     115      95                             1
     116      32                             1
     116      48                             1
     116      64                             1
     116      80                             1
     117      33                             1
     117      49                             1
     117      65                             1
     117      81                             1
     118      34                             1
     118      50                             1
     118      66                             1
     118      82                             1
     119      35                             1
     119      51                             1
     119      67                             1
     119      83                             1
     120      36                             1
     120      52                             1
     120      68                             1
     120      84                             1
     121      37                             1
     121      53                             1
     121      69                             1
     121      85                             1
     122      38                             1
     122      54                             1
     122      70                             1
     122      86                             1
     123      39                             1
     123      55                             1
     123      71                             1
     123      87                             1
     124      40                             1
     124      56                             1
     124      72                             1
     124      88                             1
     125      41                             1
     125      57                             1
     125      73                             1
     125      89                             1
     126      42                             1
     126      58                             1
     126      74                             1
     126      90                             1
     127      43                             1
     127      59                             1
     127      75                             1
     127      91                             1
     128      44                             1
     128      60                             1
     128      76                             1
     128      92                             1
     129      45                             1
     129      61                             1
     129      77                             1
     129      93                             1
     130      46                             1
     130      62                             1
     130      78                             1
     130      94                             1
     131      47                             1
     131      63                             1
     131      79                             1
     131      95                             1
     132      96                            -1
     133      97                            -1
     134      98                            -1
     135      99                            -1
     136     100                            -1
     137     101                            -1
     138     102                            -1
     139     103                            -1
     140     104                            -1
     141     105                            -1
     142     106                            -1
     143      32                           -20
     143      33                         -19.5
     143      34                           -19
     143      35                         -18.5
     143      36                           -18
     143      37                         -17.5
     143      38                           -17
     143      39                         -16.5
     143      40                           -16
     143      41                         -15.5
     143      42                           -15
     143      43                         -14.5
     143      44                           -14
     143      45                         -13.5
     143      46                           -13
     143      47                         -12.5
     143     107                            -1
     144      48                           -20
     144      49                         -19.5
     144      50                           -19
     144      51                         -18.5
     144      52                           -18
     144      53                         -17.5
     144      54                           -17
     144      55                         -16.5
     144      56                           -16
     144      57                         -15.5
     144      58                           -15
     144      59                         -14.5
     144      60                           -14
     144      61                         -13.5
     144      62                           -13
     144      63                         -12.5
     144     108                            -1
     145      64                           -20
     145      65                         -19.5
     145      66                           -19
     145      67                         -18.5
     145      68                           -18
     145      69                         -17.5
     145      70                           -17
     145      71                         -16.5
     145      72                           -16
     145      73                         -15.5
     145      74                           -15
     145      75                         -14.5
     145      76                           -14
     145      77                         -13.5
     145      78                           -13
     145      79                         -12.5
     145     109                            -1
     146      80                           -20
     146      81                         -19.5
     146      82                           -19
     146      83                         -18.5
     146      84                           -18
     146      85                         -17.5
     146      86                           -17
     146      87                         -16.5
     146      88                           -16
     146      89                         -15.5
     146      90                           -15
     146      91                         -14.5
     146      92                           -14
     146      93                         -13.5
     146      94                           -13
     146      95                         -12.5
     146     110                            -1
     147       0                             2
     147       2         1.8999999999999999112
     147       5         1.8000000000000000444
     147       8         1.6999999999999999556
     147      20         1.3000000000000000444
     147      24         1.1999999999999999556
     147      27         1.1000000000000000888
     147      30                             1
     148       3         1.8999999999999999112
     148       6         1.8000000000000000444
     148       9         1.6999999999999999556
     148      12         1.6000000000000000888
     148      17         1.3999999999999999112
     148      21         1.3000000000000000444
     148      25         1.1999999999999999556
     148      28         1.1000000000000000888
     149       1                             2
     149       4         1.8999999999999999112
     149       7         1.8000000000000000444
     149      10         1.6999999999999999556
     149      13         1.6000000000000000888
     149      15                           1.5
     149      18         1.3999999999999999112
     149      22         1.3000000000000000444
     150      11         1.6999999999999999556
     150      14         1.6000000000000000888
     150      16                           1.5
     150      19         1.3999999999999999112
     150      23         1.3000000000000000444
     150      26         1.1999999999999999556
     150      29         1.1000000000000000888
     150      31                             1
     151      32        -1.0500000000000000444
     151      48        -1.0500000000000000444
     151      64        -1.0500000000000000444
     151      80        -1.0500000000000000444
     152      33        -1.1000000000000000888
     152      49        -1.1000000000000000888
     152      65        -1.1000000000000000888
     152      81        -1.1000000000000000888
     153      34        -1.1499999999999999112
     153      50        -1.1499999999999999112
     153      66        -1.1499999999999999112
     153      82        -1.1499999999999999112
     154      35        -1.1999999999999999556
     154      51        -1.1999999999999999556
     154      67        -1.1999999999999999556
     154      83        -1.1999999999999999556
     155      36                         -1.25
     155      52                         -1.25
     155      68                         -1.25
     155      84                         -1.25
     156      37        -1.3000000000000000444
     156      53        -1.3000000000000000444
     156      69        -1.3000000000000000444
     156      85        -1.3000000000000000444
     157      38        -1.3500000000000000888
     157      54        -1.3500000000000000888
     157      70        -1.3500000000000000888
     157      86        -1.3500000000000000888
     158      39        -1.3999999999999999112
     158      55        -1.3999999999999999112
     158      71        -1.3999999999999999112
     158      87        -1.3999999999999999112
     159      40        -1.4499999999999999556
     159      56        -1.4499999999999999556
     159      72        -1.4499999999999999556
     159      88        -1.4499999999999999556
     160      41                          -1.5
     160      57                          -1.5
     160      73                          -1.5
     160      89                          -1.5
     161      42        -1.5500000000000000444
     161      58        -1.5500000000000000444
     161      74        -1.5500000000000000444
     161      90        -1.5500000000000000444
     162      43        -1.6000000000000000888
     162      59        -1.6000000000000000888
     162      75        -1.6000000000000000888
     162      91        -1.6000000000000000888
     163      44        -1.6499999999999999112
     163      60        -1.6499999999999999112
     163      76        -1.6499999999999999112
     163      92        -1.6499999999999999112
     164      45        -1.6999999999999999556
     164      61        -1.6999999999999999556
     164      77        -1.6999999999999999556
     164      93        -1.6999999999999999556
     165      46                         -1.75
     165      62                         -1.75
     165      78                         -1.75
     165      94                         -1.75
     166      47        -1.8000000000000000444
     166      63        -1.8000000000000000444
     166      79        -1.8000000000000000444
     166      95        -1.8000000000000000444
