45 24
c 0 20 29
c 0 22 29
c 0 26 29
c 0 27 29
c 0 36 -13
c 0 40 -17
c 0 42 -16
c 0 43 -19
c 1 24 12
c 1 25 12
c 1 27 12
c 1 28 12
c 1 29 12
c 1 30 -35
c 1 31 -29
c 1 38 -35
c 2 21 44
c 2 23 44
c 2 24 44
c 2 25 44
c 2 28 44
c 2 32 -1
c 2 33 1
c 2 34 -6
c 2 36 2
c 3 20 16
c 3 22 16
c 3 26 16
c 3 29 16
c 3 32 -29
c 3 33 -27
c 3 39 -26
c 3 43 -32
c 4 21 29
c 4 22 29
c 4 23 29
c 4 24 29
c 4 25 29
c 4 27 29
c 4 29 29
c 4 35 -11
c 4 39 -13
c 4 40 -17
c 4 43 -19
c 4 44 -15
c 5 25 27
c 5 28 27
c 5 32 -18
c 5 40 -19
c 5 41 -20
c 6 20 20
c 6 21 20
c 6 22 20
c 6 23 20
c 6 24 20
c 6 25 20
c 6 26 20
c 6 31 -21
c 6 36 -22
c 6 37 -24
c 7 20 25
c 7 22 25
c 7 23 25
c 7 24 25
c 7 26 25
c 7 27 25
c 7 28 25
c 7 32 -20
c 7 34 -25
c 7 37 -19
c 7 38 -22
c 7 41 -22
c 7 44 -19
c 8 21 17
c 8 22 17
c 8 23 17
c 8 24 17
c 8 25 17
c 8 26 17
c 8 28 17
c 8 29 17
c 8 34 -33
c 8 36 -25
c 8 44 -27
c 9 21 30
c 9 25 30
c 9 27 30
c 9 28 30
c 9 29 30
c 9 32 -15
c 9 39 -12
c 9 42 -15
c 10 21 10
c 10 22 10
c 10 23 10
c 10 25 10
c 10 26 10
c 10 28 10
c 10 29 10
c 10 31 -31
c 10 39 -32
c 10 40 -36
c 10 42 -35
c 10 44 -34
c 11 22 41
c 11 25 41
c 11 26 41
c 11 27 41
c 11 28 41
c 11 29 41
c 11 30 -6
c 11 40 -5
c 12 20 31
c 12 21 31
c 12 23 31
c 12 24 31
c 12 27 31
c 12 31 -10
c 12 32 -14
c 12 34 -19
c 12 36 -11
c 12 40 -15
c 12 43 -17
c 13 20 48
c 13 21 48
c 13 23 48
c 13 24 48
c 13 25 48
c 13 26 48
c 13 28 48
c 13 29 48
c 13 34 -2
c 13 39 6
c 13 40 2
c 13 44 4
c 14 21 42
c 14 23 42
c 14 26 42
c 14 29 42
c 14 31 1
c 14 33 -1
c 15 22 36
c 15 23 36
c 15 24 36
c 15 25 36
c 15 26 36
c 15 28 36
c 15 33 -7
c 15 35 -4
c 16 20 23
c 16 27 23
c 16 28 23
c 16 32 -22
c 16 38 -24
c 17 20 26
c 17 24 26
c 17 25 26
c 17 26 26
c 17 27 26
c 17 28 26
c 17 29 26
c 17 34 -24
c 17 38 -21
c 17 44 -18
c 18 21 37
c 18 22 37
c 18 23 37
c 18 25 37
c 18 27 37
c 18 32 -8
c 18 35 -3
c 18 36 -5
c 19 21 42
c 19 22 42
c 19 24 42
c 19 26 42
c 19 27 42
c 19 29 42
c 19 33 -1
c 19 38 -5
c 19 42 -3
c 19 44 -2
c 20 30 -47
c 20 33 -43
c 20 35 -40
c 20 37 -44
c 20 39 -42
c 20 42 -45
c 20 43 -48
c 21 30 -47
c 21 31 -41
c 21 33 -43
c 21 36 -42
c 21 37 -44
c 21 41 -47
c 21 43 -48
c 22 30 -47
c 22 32 -45
c 22 39 -42
c 22 44 -44
c 23 30 -47
c 23 31 -41
c 23 32 -45
c 23 33 -43
c 23 36 -42
c 23 38 -47
c 23 40 -46
c 23 42 -45
c 23 43 -48
c 24 31 -41
c 24 32 -45
c 24 33 -43
c 24 34 -50
c 24 37 -44
c 24 41 -47
c 24 42 -45
c 25 30 -47
c 25 34 -50
c 25 38 -47
c 25 39 -42
c 25 44 -44
c 26 33 -43
c 26 34 -50
c 26 35 -40
c 26 36 -42
c 26 37 -44
c 26 39 -42
c 26 40 -46
c 26 42 -45
c 26 43 -48
c 26 44 -44
c 27 32 -45
c 27 33 -43
c 27 35 -40
c 27 36 -42
c 27 38 -47
c 27 42 -45
c 28 32 -45
c 28 33 -43
c 28 35 -40
c 28 36 -42
c 28 42 -45
c 28 43 -48
c 29 34 -50
c 29 35 -40
c 29 36 -42
c 29 38 -47
c 29 44 -44
bu 0 222
bu 1 32
bu 2 281
bu 3 205
bu 4 94
bu 5 150
bu 6 78
bu 7 234
bu 8 233
bu 9 280
bu 10 288
bu 11 93
bu 12 23
bu 13 49
bu 14 226
bu 15 12
bu 16 237
bu 17 34
bu 18 281
bu 19 199
bu 20 90
bu 21 59
bu 22 78
bu 23 123
bu 24 111
bu 25 103
bu 26 134
bu 27 53
bu 28 174
bu 29 133
bu 30 128
bu 31 273
bu 32 203
bu 33 46
bu 34 40
bu 35 120
bu 36 211
bu 37 185
bu 38 65
bu 39 222
bu 40 278
bu 41 102
bu 42 157
bu 43 168
bu 44 275
q 0 0 50.28
q 0 1 56.45
q 0 2 73.79
q 0 3 35.11
q 0 4 69.04
q 0 5 62.31
q 0 6 4.08
q 0 7 56.95
q 0 8 35.82
q 0 9 7.07
q 0 10 16.44
q 0 11 52.49
q 0 12 -50.28
q 0 13 -56.45
q 0 14 -73.79
q 0 15 -35.11
q 0 16 -69.04
q 0 17 -62.31
q 0 18 -4.08
q 0 19 -56.95
q 0 20 -35.82
q 0 21 -7.07
q 0 22 -16.44
q 0 23 -52.49
q 1 0 36.78
q 1 1 56.89
q 1 2 69.33
q 1 3 35.89
q 1 4 45.75
q 1 5 4.08
q 1 6 0.39
q 1 7 39.59
q 1 8 15.11
q 1 9 48.67
q 1 10 45.6
q 1 11 35.95
q 1 12 -36.78
q 1 13 -56.89
q 1 14 -69.33
q 1 15 -35.89
q 1 16 -45.75
q 1 17 -4.08
q 1 18 -0.39
q 1 19 -39.59
q 1 20 -15.11
q 1 21 -48.67
q 1 22 -45.6
q 1 23 -35.95
q 2 0 15.06
q 2 1 66.64
q 2 2 29.06
q 2 3 45.29
q 2 4 33.56
q 2 5 21.01
q 2 6 69.81
q 2 7 65.61
q 2 8 6.51
q 2 9 71.07
q 2 10 29.31
q 2 11 7.27
q 2 12 -15.06
q 2 13 -66.64
q 2 14 -29.06
q 2 15 -45.29
q 2 16 -33.56
q 2 17 -21.01
q 2 18 -69.81
q 2 19 -65.61
q 2 20 -6.51
q 2 21 -71.07
q 2 22 -29.31
q 2 23 -7.27
q 3 0 58.59
q 3 1 14.15
q 3 2 14.18
q 3 3 3.73
q 3 4 34.68
q 3 5 66.75
q 3 6 21.72
q 3 7 10.32
q 3 8 73.99
q 3 9 12.93
q 3 10 52.6
q 3 11 18.06
q 3 12 -58.59
q 3 13 -14.15
q 3 14 -14.18
q 3 15 -3.73
q 3 16 -34.68
q 3 17 -66.75
q 3 18 -21.72
q 3 19 -10.32
q 3 20 -73.99
q 3 21 -12.93
q 3 22 -52.6
q 3 23 -18.06
q 4 0 52.19
q 4 1 34.01
q 4 2 16.89
q 4 3 55.54
q 4 4 26.93
q 4 5 61.98
q 4 6 2.02
q 4 7 32.45
q 4 8 70.74
q 4 9 68.99
q 4 10 26.31
q 4 11 32.01
q 4 12 -52.19
q 4 13 -34.01
q 4 14 -16.89
q 4 15 -55.54
q 4 16 -26.93
q 4 17 -61.98
q 4 18 -2.02
q 4 19 -32.45
q 4 20 -70.74
q 4 21 -68.99
q 4 22 -26.31
q 4 23 -32.01
q 5 0 9.89
q 5 1 76.51
q 5 2 37.79
q 5 3 53.64
q 5 4 62.99
q 5 5 21.79
q 5 6 0.96
q 5 7 1.41
q 5 8 49.11
q 5 9 58.63
q 5 10 63.36
q 5 11 78.8
q 5 12 -9.89
q 5 13 -76.51
q 5 14 -37.79
q 5 15 -53.64
q 5 16 -62.99
q 5 17 -21.79
q 5 18 -0.96
q 5 19 -1.41
q 5 20 -49.11
q 5 21 -58.63
q 5 22 -63.36
q 5 23 -78.8
q 6 0 38.57
q 6 1 77.75
q 6 2 27.82
q 6 3 48.38
q 6 4 23.2
q 6 5 14.97
q 6 6 28.05
q 6 7 18.51
q 6 8 26.36
q 6 9 18.53
q 6 10 4.76
q 6 11 53.7
q 6 12 -38.57
q 6 13 -77.75
q 6 14 -27.82
q 6 15 -48.38
q 6 16 -23.2
q 6 17 -14.97
q 6 18 -28.05
q 6 19 -18.51
q 6 20 -26.36
q 6 21 -18.53
q 6 22 -4.76
q 6 23 -53.7
q 7 0 20.74
q 7 1 78.31
q 7 2 32.44
q 7 3 25.47
q 7 4 26.8
q 7 5 47.96
q 7 6 75.99
q 7 7 14.26
q 7 8 23.73
q 7 9 46.48
q 7 10 19.91
q 7 11 57.33
q 7 12 -20.74
q 7 13 -78.31
q 7 14 -32.44
q 7 15 -25.47
q 7 16 -26.8
q 7 17 -47.96
q 7 18 -75.99
q 7 19 -14.26
q 7 20 -23.73
q 7 21 -46.48
q 7 22 -19.91
q 7 23 -57.33
q 8 0 42.12
q 8 1 39.34
q 8 2 25.4
q 8 3 3.57
q 8 4 54.19
q 8 5 4.07
q 8 6 63.4
q 8 7 22.87
q 8 8 49.41
q 8 9 54.57
q 8 10 72.29
q 8 11 17.97
q 8 12 -42.12
q 8 13 -39.34
q 8 14 -25.4
q 8 15 -3.57
q 8 16 -54.19
q 8 17 -4.07
q 8 18 -63.4
q 8 19 -22.87
q 8 20 -49.41
q 8 21 -54.57
q 8 22 -72.29
q 8 23 -17.97
q 9 0 3.87
q 9 1 47.75
q 9 2 40.17
q 9 3 64
q 9 4 49.79
q 9 5 41.69
q 9 6 53.54
q 9 7 28.74
q 9 8 42.7
q 9 9 33.41
q 9 10 3.6
q 9 11 11.46
q 9 12 -3.87
q 9 13 -47.75
q 9 14 -40.17
q 9 15 -64
q 9 16 -49.79
q 9 17 -41.69
q 9 18 -53.54
q 9 19 -28.74
q 9 20 -42.7
q 9 21 -33.41
q 9 22 -3.6
q 9 23 -11.46
q 10 0 69.55
q 10 1 16.56
q 10 2 8.92
q 10 3 36.84
q 10 4 9.33
q 10 5 23.57
q 10 6 48.96
q 10 7 60.73
q 10 8 2.44
q 10 9 15.26
q 10 10 70.71
q 10 11 6.6
q 10 12 -69.55
q 10 13 -16.56
q 10 14 -8.92
q 10 15 -36.84
q 10 16 -9.33
q 10 17 -23.57
q 10 18 -48.96
q 10 19 -60.73
q 10 20 -2.44
q 10 21 -15.26
q 10 22 -70.71
q 10 23 -6.6
q 11 0 7.51
q 11 1 16.06
q 11 2 51.9
q 11 3 45
q 11 4 29.4
q 11 5 68.27
q 11 6 16.15
q 11 7 76.79
q 11 8 5.03
q 11 9 59.89
q 11 10 51.15
q 11 11 15.5
q 11 12 -7.51
q 11 13 -16.06
q 11 14 -51.9
q 11 15 -45
q 11 16 -29.4
q 11 17 -68.27
q 11 18 -16.15
q 11 19 -76.79
q 11 20 -5.03
q 11 21 -59.89
q 11 22 -51.15
q 11 23 -15.5
q 12 0 31.08
q 12 1 73.01
q 12 2 71.02
q 12 3 11.59
q 12 4 37.22
q 12 5 52
q 12 6 53.53
q 12 7 14.98
q 12 8 39.98
q 12 9 50.96
q 12 10 74.92
q 12 11 21.36
q 12 12 -31.08
q 12 13 -73.01
q 12 14 -71.02
q 12 15 -11.59
q 12 16 -37.22
q 12 17 -52
q 12 18 -53.53
q 12 19 -14.98
q 12 20 -39.98
q 12 21 -50.96
q 12 22 -74.92
q 12 23 -21.36
q 13 0 15.09
q 13 1 38.56
q 13 2 57.54
q 13 3 28.53
q 13 4 3.46
q 13 5 66.32
q 13 6 13.61
q 13 7 52.2
q 13 8 8.27
q 13 9 77.19
q 13 10 2.98
q 13 11 36.57
q 13 12 -15.09
q 13 13 -38.56
q 13 14 -57.54
q 13 15 -28.53
q 13 16 -3.46
q 13 17 -66.32
q 13 18 -13.61
q 13 19 -52.2
q 13 20 -8.27
q 13 21 -77.19
q 13 22 -2.98
q 13 23 -36.57
q 14 0 25.12
q 14 1 57.25
q 14 2 70.9
q 14 3 55.46
q 14 4 56.12
q 14 5 51.22
q 14 6 37.44
q 14 7 77.88
q 14 8 61.65
q 14 9 27.06
q 14 10 32.58
q 14 11 2.81
q 14 12 -25.12
q 14 13 -57.25
q 14 14 -70.9
q 14 15 -55.46
q 14 16 -56.12
q 14 17 -51.22
q 14 18 -37.44
q 14 19 -77.88
q 14 20 -61.65
q 14 21 -27.06
q 14 22 -32.58
q 14 23 -2.81
q 15 0 15.67
q 15 1 25.2
q 15 2 26.68
q 15 3 56.52
q 15 4 53.52
q 15 5 61.43
q 15 6 6.85
q 15 7 69.17
q 15 8 42.71
q 15 9 70.4
q 15 10 24.25
q 15 11 54.53
q 15 12 -15.67
q 15 13 -25.2
q 15 14 -26.68
q 15 15 -56.52
q 15 16 -53.52
q 15 17 -61.43
q 15 18 -6.85
q 15 19 -69.17
q 15 20 -42.71
q 15 21 -70.4
q 15 22 -24.25
q 15 23 -54.53
q 16 0 62.17
q 16 1 39.27
q 16 2 50.84
q 16 3 65.75
q 16 4 63.16
q 16 5 12.18
q 16 6 56.85
q 16 7 63.02
q 16 8 53.08
q 16 9 48.32
q 16 10 49.66
q 16 11 66.85
q 16 12 -62.17
q 16 13 -39.27
q 16 14 -50.84
q 16 15 -65.75
q 16 16 -63.16
q 16 17 -12.18
q 16 18 -56.85
q 16 19 -63.02
q 16 20 -53.08
q 16 21 -48.32
q 16 22 -49.66
q 16 23 -66.85
q 17 0 24.36
q 17 1 15.51
q 17 2 75.46
q 17 3 37.35
q 17 4 22.97
q 17 5 3.4
q 17 6 44.55
q 17 7 38.9
q 17 8 61.59
q 17 9 13.3
q 17 10 68.11
q 17 11 58.22
q 17 12 -24.36
q 17 13 -15.51
q 17 14 -75.46
q 17 15 -37.35
q 17 16 -22.97
q 17 17 -3.4
q 17 18 -44.55
q 17 19 -38.9
q 17 20 -61.59
q 17 21 -13.3
q 17 22 -68.11
q 17 23 -58.22
q 18 0 21.45
q 18 1 73.54
q 18 2 28.75
q 18 3 27.03
q 18 4 12.77
q 18 5 11.54
q 18 6 48.87
q 18 7 58.07
q 18 8 21.1
q 18 9 15.89
q 18 10 64.56
q 18 11 4.02
q 18 12 -21.45
q 18 13 -73.54
q 18 14 -28.75
q 18 15 -27.03
q 18 16 -12.77
q 18 17 -11.54
q 18 18 -48.87
q 18 19 -58.07
q 18 20 -21.1
q 18 21 -15.89
q 18 22 -64.56
q 18 23 -4.02
q 19 0 4.92
q 19 1 38.27
q 19 2 8.58
q 19 3 13.42
q 19 4 26.95
q 19 5 28.06
q 19 6 22.31
q 19 7 78.14
q 19 8 38.65
q 19 9 18.4
q 19 10 56.32
q 19 11 66.77
q 19 12 -4.92
q 19 13 -38.27
q 19 14 -8.58
q 19 15 -13.42
q 19 16 -26.95
q 19 17 -28.06
q 19 18 -22.31
q 19 19 -78.14
q 19 20 -38.65
q 19 21 -18.4
q 19 22 -56.32
q 19 23 -66.77
q 30 0 21.12
q 30 1 31.86
q 30 2 34.47
q 30 3 67.59
q 30 4 51.9
q 30 5 66.73
q 30 6 36.46
q 30 7 83.07
q 30 8 90.59
q 30 9 91.77
q 30 10 56.33
q 30 11 25.87
q 30 12 -1.34
q 30 13 -6.7
q 30 14 -5.41
q 30 15 -7.84
q 30 16 -13.14
q 30 17 -18.46
q 30 18 -4.18
q 30 19 -11.83
q 30 20 -8.47
q 30 21 -4.93
q 30 22 -2.01
q 30 23 -8.91
q 31 0 64.32
q 31 1 94
q 31 2 23.43
q 31 3 64.42
q 31 4 49.96
q 31 5 98.07
q 31 6 52
q 31 7 92.6
q 31 8 69.49
q 31 9 45.49
q 31 10 41.5
q 31 11 55.34
q 31 12 -14.25
q 31 13 -7.14
q 31 14 -19.17
q 31 15 -7.04
q 31 16 -1.97
q 31 17 -4.6
q 31 18 -15.45
q 31 19 -8.89
q 31 20 -6.86
q 31 21 -10.25
q 31 22 -3.97
q 31 23 -11.97
q 32 0 72.22
q 32 1 91.98
q 32 2 96.26
q 32 3 36.34
q 32 4 87.39
q 32 5 71.94
q 32 6 89.95
q 32 7 90.92
q 32 8 22.53
q 32 9 32.66
q 32 10 59.47
q 32 11 85.27
q 32 12 -1.58
q 32 13 -16.14
q 32 14 -3.69
q 32 15 -1.44
q 32 16 -15.03
q 32 17 -12.69
q 32 18 -7.41
q 32 19 -4.68
q 32 20 -14.61
q 32 21 -11.92
q 32 22 -14.62
q 32 23 -14.62
q 33 0 20.08
q 33 1 50.8
q 33 2 74.45
q 33 3 61.36
q 33 4 39.39
q 33 5 95.94
q 33 6 64.83
q 33 7 98.83
q 33 8 43.42
q 33 9 85.67
q 33 10 31.21
q 33 11 94.68
q 33 12 -4.65
q 33 13 -8.73
q 33 14 -9.41
q 33 15 -14.37
q 33 16 -11.07
q 33 17 -10.27
q 33 18 -17.94
q 33 19 -5.25
q 33 20 -14.28
q 33 21 -19.53
q 33 22 -7.93
q 33 23 -13.87
q 34 0 43.21
q 34 1 32.53
q 34 2 75.13
q 34 3 65.21
q 34 4 81.61
q 34 5 42.86
q 34 6 93.05
q 34 7 58.28
q 34 8 57.96
q 34 9 62.65
q 34 10 76.21
q 34 11 86.96
q 34 12 -1.6
q 34 13 -18.78
q 34 14 -12
q 34 15 -18.5
q 34 16 -9.37
q 34 17 -3.78
q 34 18 -1.49
q 34 19 -10.68
q 34 20 -1.72
q 34 21 -19.86
q 34 22 -18.04
q 34 23 -13.28
q 35 0 91.2
q 35 1 65.41
q 35 2 43.18
q 35 3 26.66
q 35 4 81.75
q 35 5 36.44
q 35 6 54.96
q 35 7 97.43
q 35 8 38.09
q 35 9 38.77
q 35 10 30.11
q 35 11 34.46
q 35 12 -19.8
q 35 13 -4.33
q 35 14 -4.09
q 35 15 -11.59
q 35 16 -8.25
q 35 17 -0.77
q 35 18 -3.77
q 35 19 -7.56
q 35 20 -14.27
q 35 21 -13.5
q 35 22 -13.36
q 35 23 -1.96
q 36 0 45.29
q 36 1 64.6
q 36 2 73.45
q 36 3 34.38
q 36 4 39.9
q 36 5 38.46
q 36 6 36.57
q 36 7 28.56
q 36 8 32.38
q 36 9 41.34
q 36 10 96.89
q 36 11 82.59
q 36 12 -3.89
q 36 13 -14.91
q 36 14 -1.74
q 36 15 -2.12
q 36 16 -17.49
q 36 17 -14.57
q 36 18 -19.81
q 36 19 -8.08
q 36 20 -4.9
q 36 21 -11.61
q 36 22 -3.66
q 36 23 -16.08
q 37 0 47.78
q 37 1 29.11
q 37 2 87.65
q 37 3 49.8
q 37 4 84.72
q 37 5 81.76
q 37 6 41.18
q 37 7 45.35
q 37 8 96.11
q 37 9 65.42
q 37 10 28.28
q 37 11 74.49
q 37 12 -5.7
q 37 13 -7.79
q 37 14 -15.34
q 37 15 -18.38
q 37 16 -13.13
q 37 17 -7.54
q 37 18 -1.6
q 37 19 -12.81
q 37 20 -4.79
q 37 21 -15.13
q 37 22 -12.69
q 37 23 -8.05
q 38 0 53.39
q 38 1 78.4
q 38 2 47.49
q 38 3 35.72
q 38 4 74.86
q 38 5 49.46
q 38 6 37.19
q 38 7 67.62
q 38 8 52.62
q 38 9 26.71
q 38 10 64.16
q 38 11 51.52
q 38 12 -8.64
q 38 13 -14.45
q 38 14 -9.15
q 38 15 -11.38
q 38 16 -1.07
q 38 17 -0.46
q 38 18 -3.71
q 38 19 -19.99
q 38 20 -1.92
q 38 21 -5.21
q 38 22 -11.26
q 38 23 -4.96
q 39 0 98.69
q 39 1 85.16
q 39 2 74.55
q 39 3 44.41
q 39 4 76.44
q 39 5 36.78
q 39 6 22.71
q 39 7 93.54
q 39 8 58.6
q 39 9 79.49
q 39 10 22.46
q 39 11 23.48
q 39 12 -19.91
q 39 13 -18.78
q 39 14 -4.29
q 39 15 -4.98
q 39 16 -15.94
q 39 17 -12.8
q 39 18 -0.18
q 39 19 -5.35
q 39 20 -9.27
q 39 21 -1.7
q 39 22 -16.28
q 39 23 -13.96
q 40 0 57.15
q 40 1 38.84
q 40 2 33.09
q 40 3 25.04
q 40 4 85.76
q 40 5 71.3
q 40 6 52.46
q 40 7 44.66
q 40 8 34.51
q 40 9 22.58
q 40 10 94.19
q 40 11 70.89
q 40 12 -7.14
q 40 13 -15.65
q 40 14 -16.84
q 40 15 -0.49
q 40 16 -6.59
q 40 17 -14.94
q 40 18 -2.86
q 40 19 -6.16
q 40 20 -2.1
q 40 21 -6.44
q 40 22 -11.72
q 40 23 -10.67
q 41 0 34.18
q 41 1 22.58
q 41 2 21.34
q 41 3 36.23
q 41 4 87.72
q 41 5 65.23
q 41 6 99.41
q 41 7 78.31
q 41 8 97.77
q 41 9 43.14
q 41 10 96.39
q 41 11 90.88
q 41 12 -5.87
q 41 13 -7.96
q 41 14 -2.5
q 41 15 -8.13
q 41 16 -1.73
q 41 17 -11.56
q 41 18 -7.54
q 41 19 -18.26
q 41 20 -18.99
q 41 21 -16.11
q 41 22 -19.13
q 41 23 -11.05
q 42 0 57.61
q 42 1 41.23
q 42 2 52.85
q 42 3 86.47
q 42 4 79.05
q 42 5 38.73
q 42 6 23.44
q 42 7 46.66
q 42 8 94.2
q 42 9 86.24
q 42 10 40.44
q 42 11 60.79
q 42 12 -8.55
q 42 13 -3.32
q 42 14 -7.18
q 42 15 -5.53
q 42 16 -0.3
q 42 17 -11.05
q 42 18 -1.13
q 42 19 -6.02
q 42 20 -4.18
q 42 21 -8.52
q 42 22 -4.63
q 42 23 -6.06
q 43 0 20.83
q 43 1 53.73
q 43 2 35.88
q 43 3 48.62
q 43 4 65.36
q 43 5 50.71
q 43 6 21.08
q 43 7 38.23
q 43 8 59.11
q 43 9 83.54
q 43 10 39.94
q 43 11 28.87
q 43 12 -16.76
q 43 13 -6.51
q 43 14 -0.29
q 43 15 -10.55
q 43 16 -4.05
q 43 17 -2.96
q 43 18 -4.07
q 43 19 -15.64
q 43 20 -17.37
q 43 21 -13.65
q 43 22 -3.26
q 43 23 -13.48
q 44 0 55.09
q 44 1 43.52
q 44 2 36.63
q 44 3 43.09
q 44 4 54.14
q 44 5 57.98
q 44 6 41.59
q 44 7 26.97
q 44 8 45.38
q 44 9 93.7
q 44 10 65.36
q 44 11 48.75
q 44 12 -4.15
q 44 13 -14.15
q 44 14 -12.96
q 44 15 -1.15
q 44 16 -4.81
q 44 17 -2.31
q 44 18 -12.78
q 44 19 -19.71
q 44 20 -10.73
q 44 21 -12.13
q 44 22 -8.57
q 44 23 -7.42
