73 34
c 0 35 38
c 0 36 38
c 0 37 38
c 0 38 38
c 0 40 38
c 0 41 38
c 0 42 38
c 0 43 38
c 0 45 38
c 0 46 38
c 0 47 38
c 0 50 38
c 0 51 38
c 0 52 -4
c 0 55 -5
c 0 56 -3
c 0 61 -11
c 0 62 -12
c 0 70 -5
c 0 71 -3
c 1 35 16
c 1 36 16
c 1 37 16
c 1 38 16
c 1 39 16
c 1 41 16
c 1 42 16
c 1 43 16
c 1 44 16
c 1 45 16
c 1 46 16
c 1 47 16
c 1 48 16
c 1 49 16
c 1 50 16
c 1 51 16
c 1 52 -26
c 1 55 -27
c 1 56 -25
c 1 58 -29
c 1 60 -34
c 1 61 -33
c 1 62 -34
c 1 63 -28
c 1 65 -33
c 1 67 -29
c 1 69 -26
c 2 35 18
c 2 36 18
c 2 39 18
c 2 40 18
c 2 41 18
c 2 42 18
c 2 43 18
c 2 44 18
c 2 46 18
c 2 47 18
c 2 48 18
c 2 49 18
c 2 50 18
c 2 51 18
c 2 54 -27
c 2 59 -31
c 2 60 -32
c 2 61 -31
c 2 66 -26
c 2 67 -27
c 2 68 -27
c 3 38 45
c 3 39 45
c 3 41 45
c 3 42 45
c 3 43 45
c 3 44 45
c 3 45 45
c 3 46 45
c 3 47 45
c 3 48 45
c 3 49 45
c 3 50 45
c 3 51 45
c 3 56 4
c 3 59 -4
c 3 60 -5
c 3 61 -4
c 3 64 -1
c 3 69 3
c 4 36 41
c 4 39 41
c 4 40 41
c 4 41 41
c 4 42 41
c 4 43 41
c 4 45 41
c 4 46 41
c 4 48 41
c 4 49 41
c 4 50 41
c 4 51 41
c 4 52 -1
c 4 54 -4
c 4 55 -2
c 4 58 -4
c 4 64 -5
c 4 65 -8
c 4 72 -4
c 5 35 21
c 5 36 21
c 5 37 21
c 5 38 21
c 5 39 21
c 5 41 21
c 5 42 21
c 5 45 21
c 5 46 21
c 5 47 21
c 5 50 21
c 5 52 -21
c 5 58 -24
c 5 60 -29
c 5 62 -29
c 5 67 -24
c 5 69 -21
c 5 72 -24
c 6 38 49
c 6 40 49
c 6 43 49
c 6 44 49
c 6 47 49
c 6 48 49
c 6 50 49
c 6 52 7
c 6 54 4
c 6 60 -1
c 6 67 4
c 6 68 4
c 6 69 7
c 7 36 32
c 7 37 32
c 7 38 32
c 7 40 32
c 7 41 32
c 7 42 32
c 7 43 32
c 7 45 32
c 7 46 32
c 7 47 32
c 7 49 32
c 7 50 32
c 7 52 -10
c 7 54 -13
c 7 55 -11
c 7 59 -17
c 7 72 -13
c 8 35 48
c 8 36 48
c 8 37 48
c 8 38 48
c 8 41 48
c 8 42 48
c 8 43 48
c 8 45 48
c 8 46 48
c 8 47 48
c 8 48 48
c 8 50 48
c 8 51 48
c 8 55 5
c 8 56 7
c 8 62 -2
c 8 63 4
c 8 65 -1
c 8 66 4
c 8 69 6
c 8 70 5
c 9 35 42
c 9 36 42
c 9 37 42
c 9 38 42
c 9 40 42
c 9 41 42
c 9 43 42
c 9 44 42
c 9 45 42
c 9 46 42
c 9 48 42
c 9 49 42
c 9 50 42
c 9 51 42
c 9 54 -3
c 9 56 1
c 9 58 -3
c 9 62 -8
c 9 63 -2
c 9 68 -3
c 9 70 -1
c 9 71 1
c 10 35 44
c 10 36 44
c 10 38 44
c 10 39 44
c 10 41 44
c 10 42 44
c 10 43 44
c 10 44 44
c 10 46 44
c 10 47 44
c 10 50 44
c 10 55 1
c 10 58 -1
c 10 61 -5
c 10 67 -1
c 10 69 2
c 11 36 47
c 11 38 47
c 11 39 47
c 11 40 47
c 11 41 47
c 11 42 47
c 11 46 47
c 11 48 47
c 11 49 47
c 11 50 47
c 11 51 47
c 11 54 2
c 11 56 6
c 11 57 -1
c 11 58 2
c 11 63 3
c 11 71 6
c 12 37 28
c 12 38 28
c 12 39 28
c 12 40 28
c 12 41 28
c 12 43 28
c 12 44 28
c 12 45 28
c 12 46 28
c 12 47 28
c 12 48 28
c 12 49 28
c 12 50 28
c 12 51 28
c 12 57 -20
c 12 61 -21
c 12 62 -22
c 12 63 -16
c 13 35 11
c 13 36 11
c 13 37 11
c 13 38 11
c 13 39 11
c 13 41 11
c 13 42 11
c 13 45 11
c 13 46 11
c 13 47 11
c 13 49 11
c 13 56 -30
c 13 57 -37
c 13 60 -39
c 13 61 -38
c 13 62 -39
c 13 65 -38
c 13 67 -34
c 13 71 -30
c 13 72 -34
c 14 35 45
c 14 36 45
c 14 37 45
c 14 38 45
c 14 39 45
c 14 40 45
c 14 41 45
c 14 43 45
c 14 45 45
c 14 48 45
c 14 49 45
c 14 50 45
c 14 51 45
c 14 52 3
c 14 53 -4
c 14 55 2
c 14 56 4
c 14 57 -3
c 14 59 -4
c 14 60 -5
c 14 61 -4
c 14 62 -5
c 14 63 1
c 14 65 -4
c 14 66 1
c 14 71 4
c 15 35 13
c 15 36 13
c 15 37 13
c 15 38 13
c 15 39 13
c 15 41 13
c 15 43 13
c 15 45 13
c 15 46 13
c 15 47 13
c 15 48 13
c 15 51 13
c 15 56 -28
c 15 57 -35
c 15 63 -31
c 15 65 -36
c 15 66 -31
c 15 68 -32
c 16 35 42
c 16 36 42
c 16 37 42
c 16 38 42
c 16 39 42
c 16 40 42
c 16 41 42
c 16 42 42
c 16 44 42
c 16 46 42
c 16 47 42
c 16 49 42
c 16 50 42
c 16 51 42
c 16 54 -3
c 16 63 -2
c 16 66 -2
c 16 67 -3
c 16 72 -3
c 17 36 40
c 17 37 40
c 17 39 40
c 17 40 40
c 17 42 40
c 17 43 40
c 17 44 40
c 17 46 40
c 17 47 40
c 17 48 40
c 17 49 40
c 17 50 40
c 17 51 40
c 17 53 -9
c 17 57 -8
c 17 59 -9
c 17 60 -10
c 17 64 -6
c 17 69 -2
c 18 35 46
c 18 36 46
c 18 37 46
c 18 39 46
c 18 41 46
c 18 42 46
c 18 43 46
c 18 44 46
c 18 45 46
c 18 46 46
c 18 48 46
c 18 50 46
c 18 51 46
c 18 52 4
c 18 56 5
c 18 62 -4
c 18 63 2
c 18 70 3
c 18 72 1
c 19 35 25
c 19 36 25
c 19 37 25
c 19 38 25
c 19 39 25
c 19 40 25
c 19 41 25
c 19 42 25
c 19 44 25
c 19 45 25
c 19 46 25
c 19 47 25
c 19 48 25
c 19 49 25
c 19 51 25
c 19 52 -17
c 19 58 -20
c 19 61 -24
c 19 62 -25
c 19 63 -19
c 19 65 -24
c 19 66 -19
c 19 72 -20
c 20 36 44
c 20 38 44
c 20 40 44
c 20 42 44
c 20 43 44
c 20 44 44
c 20 45 44
c 20 47 44
c 20 48 44
c 20 50 44
c 20 56 3
c 20 61 -5
c 20 62 -6
c 20 69 2
c 20 70 1
c 20 71 3
c 21 35 42
c 21 36 42
c 21 38 42
c 21 39 42
c 21 40 42
c 21 42 42
c 21 43 42
c 21 44 42
c 21 47 42
c 21 50 42
c 21 51 42
c 21 56 1
c 21 57 -6
c 21 60 -8
c 21 61 -7
c 21 63 -2
c 21 66 -2
c 21 67 -3
c 21 68 -3
c 21 70 -1
c 21 71 1
c 22 35 16
c 22 36 16
c 22 37 16
c 22 39 16
c 22 40 16
c 22 42 16
c 22 43 16
c 22 45 16
c 22 46 16
c 22 47 16
c 22 48 16
c 22 49 16
c 22 50 16
c 22 52 -26
c 22 53 -33
c 22 59 -33
c 22 62 -34
c 22 63 -28
c 22 67 -29
c 22 68 -29
c 22 72 -29
c 23 35 21
c 23 37 21
c 23 38 21
c 23 39 21
c 23 41 21
c 23 42 21
c 23 43 21
c 23 45 21
c 23 46 21
c 23 47 21
c 23 49 21
c 23 50 21
c 23 51 21
c 23 52 -21
c 23 54 -24
c 23 57 -27
c 23 58 -24
c 23 62 -29
c 23 63 -23
c 23 65 -28
c 23 70 -22
c 24 38 33
c 24 39 33
c 24 40 33
c 24 41 33
c 24 47 33
c 24 48 33
c 24 49 33
c 24 51 33
c 24 52 -9
c 24 53 -16
c 24 54 -12
c 24 60 -17
c 24 63 -11
c 24 64 -13
c 24 70 -10
c 25 35 10
c 25 36 10
c 25 37 10
c 25 38 10
c 25 43 10
c 25 44 10
c 25 45 10
c 25 46 10
c 25 47 10
c 25 48 10
c 25 49 10
c 25 51 10
c 25 53 -39
c 25 54 -35
c 25 56 -31
c 25 57 -38
c 25 59 -39
c 25 60 -40
c 25 61 -39
c 25 62 -40
c 26 35 26
c 26 36 26
c 26 37 26
c 26 38 26
c 26 39 26
c 26 40 26
c 26 42 26
c 26 43 26
c 26 45 26
c 26 47 26
c 26 48 26
c 26 51 26
c 26 53 -23
c 26 58 -19
c 26 62 -24
c 26 64 -20
c 26 66 -18
c 26 69 -16
c 27 36 28
c 27 37 28
c 27 38 28
c 27 39 28
c 27 40 28
c 27 42 28
c 27 43 28
c 27 44 28
c 27 45 28
c 27 47 28
c 27 48 28
c 27 49 28
c 27 50 28
c 27 51 28
c 27 55 -15
c 27 59 -21
c 27 60 -22
c 27 62 -22
c 27 66 -16
c 27 68 -17
c 27 69 -14
c 27 70 -15
c 28 35 29
c 28 36 29
c 28 37 29
c 28 39 29
c 28 40 29
c 28 41 29
c 28 42 29
c 28 45 29
c 28 46 29
c 28 49 29
c 28 50 29
c 28 51 29
c 28 54 -16
c 28 59 -20
c 28 61 -20
c 28 62 -21
c 28 63 -15
c 28 64 -17
c 28 67 -16
c 28 71 -12
c 29 36 48
c 29 39 48
c 29 42 48
c 29 44 48
c 29 45 48
c 29 46 48
c 29 47 48
c 29 48 48
c 29 50 48
c 29 51 48
c 29 52 6
c 29 60 -2
c 29 64 2
c 29 66 4
c 29 69 6
c 30 36 39
c 30 38 39
c 30 39 39
c 30 40 39
c 30 41 39
c 30 43 39
c 30 44 39
c 30 45 39
c 30 46 39
c 30 47 39
c 30 48 39
c 30 49 39
c 30 50 39
c 30 51 39
c 30 53 -10
c 30 55 -4
c 30 58 -6
c 30 59 -10
c 30 64 -7
c 31 35 50
c 31 36 50
c 31 37 50
c 31 38 50
c 31 40 50
c 31 41 50
c 31 42 50
c 31 44 50
c 31 45 50
c 31 46 50
c 31 48 50
c 31 49 50
c 31 50 50
c 31 51 50
c 31 56 9
c 31 57 2
c 31 58 5
c 31 64 4
c 31 65 1
c 31 67 5
c 31 68 5
c 31 69 8
c 32 36 24
c 32 37 24
c 32 38 24
c 32 39 24
c 32 40 24
c 32 41 24
c 32 42 24
c 32 43 24
c 32 44 24
c 32 45 24
c 32 47 24
c 32 48 24
c 32 51 24
c 32 59 -25
c 32 63 -20
c 32 64 -22
c 32 68 -21
c 32 69 -18
c 32 71 -17
c 32 72 -21
c 33 36 33
c 33 37 33
c 33 39 33
c 33 40 33
c 33 41 33
c 33 44 33
c 33 45 33
c 33 46 33
c 33 47 33
c 33 48 33
c 33 51 33
c 33 55 -10
c 33 56 -8
c 33 57 -15
c 33 61 -16
c 33 64 -13
c 33 66 -11
c 33 68 -12
c 33 70 -10
c 34 35 23
c 34 36 23
c 34 39 23
c 34 42 23
c 34 44 23
c 34 45 23
c 34 47 23
c 34 48 23
c 34 51 23
c 34 53 -26
c 34 54 -22
c 34 55 -20
c 34 59 -26
c 34 61 -26
c 34 62 -27
c 34 65 -26
c 34 66 -21
c 34 68 -22
c 34 69 -19
c 34 70 -20
c 35 53 -49
c 35 54 -45
c 35 56 -41
c 35 57 -48
c 35 58 -45
c 35 59 -49
c 35 60 -50
c 35 61 -49
c 35 63 -44
c 35 64 -46
c 35 65 -49
c 35 67 -45
c 35 68 -45
c 35 70 -43
c 35 71 -41
c 35 72 -45
c 36 53 -49
c 36 54 -45
c 36 55 -43
c 36 56 -41
c 36 57 -48
c 36 58 -45
c 36 60 -50
c 36 61 -49
c 36 62 -50
c 36 63 -44
c 36 66 -44
c 36 67 -45
c 36 68 -45
c 36 70 -43
c 36 72 -45
c 37 52 -42
c 37 53 -49
c 37 55 -43
c 37 56 -41
c 37 57 -48
c 37 58 -45
c 37 59 -49
c 37 60 -50
c 37 61 -49
c 37 62 -50
c 37 63 -44
c 37 64 -46
c 37 65 -49
c 37 66 -44
c 37 70 -43
c 37 72 -45
c 38 53 -49
c 38 54 -45
c 38 55 -43
c 38 56 -41
c 38 57 -48
c 38 58 -45
c 38 59 -49
c 38 60 -50
c 38 61 -49
c 38 62 -50
c 38 63 -44
c 38 65 -49
c 38 66 -44
c 38 67 -45
c 38 68 -45
c 38 69 -42
c 38 70 -43
c 38 71 -41
c 38 72 -45
c 39 52 -42
c 39 53 -49
c 39 54 -45
c 39 55 -43
c 39 58 -45
c 39 59 -49
c 39 60 -50
c 39 63 -44
c 39 64 -46
c 39 65 -49
c 39 67 -45
c 39 68 -45
c 39 69 -42
c 39 70 -43
c 39 71 -41
c 39 72 -45
c 40 53 -49
c 40 54 -45
c 40 55 -43
c 40 57 -48
c 40 58 -45
c 40 59 -49
c 40 60 -50
c 40 61 -49
c 40 62 -50
c 40 64 -46
c 40 66 -44
c 40 67 -45
c 40 68 -45
c 40 70 -43
c 41 52 -42
c 41 53 -49
c 41 54 -45
c 41 55 -43
c 41 56 -41
c 41 57 -48
c 41 59 -49
c 41 61 -49
c 41 64 -46
c 41 65 -49
c 41 66 -44
c 41 68 -45
c 41 69 -42
c 41 70 -43
c 41 71 -41
c 41 72 -45
c 42 52 -42
c 42 53 -49
c 42 55 -43
c 42 58 -45
c 42 59 -49
c 42 60 -50
c 42 62 -50
c 42 64 -46
c 42 65 -49
c 42 68 -45
c 42 69 -42
c 42 70 -43
c 42 71 -41
c 42 72 -45
c 43 52 -42
c 43 53 -49
c 43 54 -45
c 43 55 -43
c 43 56 -41
c 43 57 -48
c 43 58 -45
c 43 59 -49
c 43 60 -50
c 43 61 -49
c 43 62 -50
c 43 65 -49
c 43 67 -45
c 43 70 -43
c 43 71 -41
c 44 53 -49
c 44 54 -45
c 44 55 -43
c 44 56 -41
c 44 57 -48
c 44 58 -45
c 44 59 -49
c 44 60 -50
c 44 62 -50
c 44 63 -44
c 44 64 -46
c 44 65 -49
c 44 66 -44
c 44 67 -45
c 44 68 -45
c 44 69 -42
c 44 70 -43
c 44 71 -41
c 44 72 -45
c 45 53 -49
c 45 55 -43
c 45 56 -41
c 45 60 -50
c 45 62 -50
c 45 63 -44
c 45 64 -46
c 45 65 -49
c 45 66 -44
c 45 67 -45
c 45 68 -45
c 45 69 -42
c 45 72 -45
c 46 52 -42
c 46 53 -49
c 46 54 -45
c 46 55 -43
c 46 57 -48
c 46 58 -45
c 46 60 -50
c 46 61 -49
c 46 62 -50
c 46 63 -44
c 46 65 -49
c 46 66 -44
c 46 68 -45
c 46 69 -42
c 46 71 -41
c 47 53 -49
c 47 54 -45
c 47 55 -43
c 47 56 -41
c 47 57 -48
c 47 58 -45
c 47 59 -49
c 47 60 -50
c 47 61 -49
c 47 64 -46
c 47 65 -49
c 47 68 -45
c 47 70 -43
c 48 52 -42
c 48 53 -49
c 48 54 -45
c 48 55 -43
c 48 56 -41
c 48 57 -48
c 48 60 -50
c 48 61 -49
c 48 62 -50
c 48 64 -46
c 48 66 -44
c 48 67 -45
c 48 68 -45
c 48 69 -42
c 48 70 -43
c 48 71 -41
c 48 72 -45
c 49 53 -49
c 49 55 -43
c 49 56 -41
c 49 59 -49
c 49 60 -50
c 49 61 -49
c 49 62 -50
c 49 64 -46
c 49 65 -49
c 49 66 -44
c 49 67 -45
c 49 69 -42
c 49 70 -43
c 50 52 -42
c 50 53 -49
c 50 55 -43
c 50 56 -41
c 50 61 -49
c 50 64 -46
c 50 65 -49
c 50 66 -44
c 50 67 -45
c 50 68 -45
c 50 71 -41
c 51 52 -42
c 51 53 -49
c 51 54 -45
c 51 55 -43
c 51 57 -48
c 51 58 -45
c 51 59 -49
c 51 60 -50
c 51 61 -49
c 51 62 -50
c 51 63 -44
c 51 64 -46
c 51 65 -49
c 51 66 -44
c 51 67 -45
c 51 68 -45
c 51 69 -42
c 51 70 -43
c 51 71 -41
c 51 72 -45
bu 0 224
bu 1 253
bu 2 300
bu 3 115
bu 4 202
bu 5 287
bu 6 252
bu 7 103
bu 8 236
bu 9 202
bu 10 78
bu 11 234
bu 12 9
bu 13 256
bu 14 112
bu 15 214
bu 16 183
bu 17 151
bu 18 59
bu 19 78
bu 20 59
bu 21 248
bu 22 289
bu 23 131
bu 24 234
bu 25 5
bu 26 58
bu 27 204
bu 28 123
bu 29 157
bu 30 9
bu 31 8
bu 32 28
bu 33 61
bu 34 162
bu 35 59
bu 36 144
bu 37 121
bu 38 105
bu 39 118
bu 40 180
bu 41 171
bu 42 186
bu 43 177
bu 44 108
bu 45 102
bu 46 132
bu 47 115
bu 48 188
bu 49 70
bu 50 191
bu 51 73
bu 52 146
bu 53 285
bu 54 167
bu 55 127
bu 56 122
bu 57 158
bu 58 134
bu 59 83
bu 60 278
bu 61 63
bu 62 182
bu 63 246
bu 64 230
bu 65 144
bu 66 21
bu 67 87
bu 68 18
bu 69 43
bu 70 223
bu 71 39
bu 72 198
q 0 0 70.27
q 0 1 52.42
q 0 2 48.02
q 0 3 51.47
q 0 4 73.71
q 0 5 23.68
q 0 6 31.11
q 0 7 1.53
q 0 8 40.95
q 0 9 49.42
q 0 10 32.64
q 0 11 53.35
q 0 12 18.25
q 0 13 17.7
q 0 14 24.79
q 0 15 72.54
q 0 16 11.18
q 0 17 -70.27
q 0 18 -52.42
q 0 19 -48.02
q 0 20 -51.47
q 0 21 -73.71
q 0 22 -23.68
q 0 23 -31.11
q 0 24 -1.53
q 0 25 -40.95
q 0 26 -49.42
q 0 27 -32.64
q 0 28 -53.35
q 0 29 -18.25
q 0 30 -17.7
q 0 31 -24.79
q 0 32 -72.54
q 0 33 -11.18
q 1 0 0.04
q 1 1 49.24
q 1 2 35.02
q 1 3 62.46
q 1 4 10.56
q 1 5 39.69
q 1 6 3.4
q 1 7 23.39
q 1 8 60.61
q 1 9 51.99
q 1 10 38.65
q 1 11 18.55
q 1 12 55.89
q 1 13 57.86
q 1 14 68.31
q 1 15 46.51
q 1 16 27.97
q 1 17 -0.04
q 1 18 -49.24
q 1 19 -35.02
q 1 20 -62.46
q 1 21 -10.56
q 1 22 -39.69
q 1 23 -3.4
q 1 24 -23.39
q 1 25 -60.61
q 1 26 -51.99
q 1 27 -38.65
q 1 28 -18.55
q 1 29 -55.89
q 1 30 -57.86
q 1 31 -68.31
q 1 32 -46.51
q 1 33 -27.97
q 2 0 73.34
q 2 1 50.16
q 2 2 43.47
q 2 3 59.96
q 2 4 34.25
q 2 5 68.61
q 2 6 1.35
q 2 7 79.17
q 2 8 39.5
q 2 9 49.37
q 2 10 24.09
q 2 11 11.77
q 2 12 15.19
q 2 13 60.03
q 2 14 58.19
q 2 15 70.82
q 2 16 23.75
q 2 17 -73.34
q 2 18 -50.16
q 2 19 -43.47
q 2 20 -59.96
q 2 21 -34.25
q 2 22 -68.61
q 2 23 -1.35
q 2 24 -79.17
q 2 25 -39.5
q 2 26 -49.37
q 2 27 -24.09
q 2 28 -11.77
q 2 29 -15.19
q 2 30 -60.03
q 2 31 -58.19
q 2 32 -70.82
q 2 33 -23.75
q 3 0 51.54
q 3 1 5.87
q 3 2 46.34
q 3 3 19.86
q 3 4 33.51
q 3 5 65.64
q 3 6 10.87
q 3 7 7.12
q 3 8 0.56
q 3 9 38.74
q 3 10 56.2
q 3 11 77.12
q 3 12 4.04
q 3 13 27.53
q 3 14 66.19
q 3 15 54.73
q 3 16 52.18
q 3 17 -51.54
q 3 18 -5.87
q 3 19 -46.34
q 3 20 -19.86
q 3 21 -33.51
q 3 22 -65.64
q 3 23 -10.87
q 3 24 -7.12
q 3 25 -0.56
q 3 26 -38.74
q 3 27 -56.2
q 3 28 -77.12
q 3 29 -4.04
q 3 30 -27.53
q 3 31 -66.19
q 3 32 -54.73
q 3 33 -52.18
q 4 0 18.17
q 4 1 57.81
q 4 2 44.81
q 4 3 30.64
q 4 4 35.13
q 4 5 41.29
q 4 6 67.24
q 4 7 66.59
q 4 8 16.09
q 4 9 33.16
q 4 10 46.2
q 4 11 43.25
q 4 12 64.63
q 4 13 59.17
q 4 14 49.89
q 4 15 52.66
q 4 16 25.34
q 4 17 -18.17
q 4 18 -57.81
q 4 19 -44.81
q 4 20 -30.64
q 4 21 -35.13
q 4 22 -41.29
q 4 23 -67.24
q 4 24 -66.59
q 4 25 -16.09
q 4 26 -33.16
q 4 27 -46.2
q 4 28 -43.25
q 4 29 -64.63
q 4 30 -59.17
q 4 31 -49.89
q 4 32 -52.66
q 4 33 -25.34
q 5 0 63.37
q 5 1 17.51
q 5 2 66.35
q 5 3 45.63
q 5 4 32.38
q 5 5 38.21
q 5 6 71.91
q 5 7 23.03
q 5 8 9.68
q 5 9 13.34
q 5 10 26.07
q 5 11 33.81
q 5 12 72.83
q 5 13 67.54
q 5 14 78.58
q 5 15 72.38
q 5 16 58.78
q 5 17 -63.37
q 5 18 -17.51
q 5 19 -66.35
q 5 20 -45.63
q 5 21 -32.38
q 5 22 -38.21
q 5 23 -71.91
q 5 24 -23.03
q 5 25 -9.68
q 5 26 -13.34
q 5 27 -26.07
q 5 28 -33.81
q 5 29 -72.83
q 5 30 -67.54
q 5 31 -78.58
q 5 32 -72.38
q 5 33 -58.78
q 6 0 40.99
q 6 1 7.39
q 6 2 61.7
q 6 3 51.24
q 6 4 74.79
q 6 5 62.7
q 6 6 69.22
q 6 7 13.17
q 6 8 12.39
q 6 9 29.42
q 6 10 14.17
q 6 11 2.26
q 6 12 14.23
q 6 13 36.47
q 6 14 18.32
q 6 15 33.49
q 6 16 31.78
q 6 17 -40.99
q 6 18 -7.39
q 6 19 -61.7
q 6 20 -51.24
q 6 21 -74.79
q 6 22 -62.7
q 6 23 -69.22
q 6 24 -13.17
q 6 25 -12.39
q 6 26 -29.42
q 6 27 -14.17
q 6 28 -2.26
q 6 29 -14.23
q 6 30 -36.47
q 6 31 -18.32
q 6 32 -33.49
q 6 33 -31.78
q 7 0 11.73
q 7 1 0.67
q 7 2 58.94
q 7 3 75.2
q 7 4 19.74
q 7 5 76.68
q 7 6 68.81
q 7 7 39.86
q 7 8 11.25
q 7 9 54.28
q 7 10 50.17
q 7 11 28.13
q 7 12 78.74
q 7 13 64.75
q 7 14 1.79
q 7 15 49.58
q 7 16 18.98
q 7 17 -11.73
q 7 18 -0.67
q 7 19 -58.94
q 7 20 -75.2
q 7 21 -19.74
q 7 22 -76.68
q 7 23 -68.81
q 7 24 -39.86
q 7 25 -11.25
q 7 26 -54.28
q 7 27 -50.17
q 7 28 -28.13
q 7 29 -78.74
q 7 30 -64.75
q 7 31 -1.79
q 7 32 -49.58
q 7 33 -18.98
q 8 0 17.8
q 8 1 7.36
q 8 2 36.23
q 8 3 52.89
q 8 4 3.35
q 8 5 70.03
q 8 6 76.25
q 8 7 17.64
q 8 8 20.16
q 8 9 1.82
q 8 10 33.81
q 8 11 27.66
q 8 12 3.1
q 8 13 40.72
q 8 14 64.33
q 8 15 55.66
q 8 16 41.79
q 8 17 -17.8
q 8 18 -7.36
q 8 19 -36.23
q 8 20 -52.89
q 8 21 -3.35
q 8 22 -70.03
q 8 23 -76.25
q 8 24 -17.64
q 8 25 -20.16
q 8 26 -1.82
q 8 27 -33.81
q 8 28 -27.66
q 8 29 -3.1
q 8 30 -40.72
q 8 31 -64.33
q 8 32 -55.66
q 8 33 -41.79
q 9 0 11.61
q 9 1 28.09
q 9 2 37.26
q 9 3 74.94
q 9 4 74.73
q 9 5 5.49
q 9 6 70.13
q 9 7 35.45
q 9 8 56.98
q 9 9 70
q 9 10 28.93
q 9 11 64.42
q 9 12 57.8
q 9 13 67.3
q 9 14 10.71
q 9 15 69.47
q 9 16 46
q 9 17 -11.61
q 9 18 -28.09
q 9 19 -37.26
q 9 20 -74.94
q 9 21 -74.73
q 9 22 -5.49
q 9 23 -70.13
q 9 24 -35.45
q 9 25 -56.98
q 9 26 -70
q 9 27 -28.93
q 9 28 -64.42
q 9 29 -57.8
q 9 30 -67.3
q 9 31 -10.71
q 9 32 -69.47
q 9 33 -46
q 10 0 0.42
q 10 1 71.67
q 10 2 58.87
q 10 3 40.02
q 10 4 69.29
q 10 5 78.22
q 10 6 33.04
q 10 7 36.89
q 10 8 51.8
q 10 9 65.02
q 10 10 36.08
q 10 11 71.15
q 10 12 12.68
q 10 13 36.5
q 10 14 29.02
q 10 15 71.45
q 10 16 51.17
q 10 17 -0.42
q 10 18 -71.67
q 10 19 -58.87
q 10 20 -40.02
q 10 21 -69.29
q 10 22 -78.22
q 10 23 -33.04
q 10 24 -36.89
q 10 25 -51.8
q 10 26 -65.02
q 10 27 -36.08
q 10 28 -71.15
q 10 29 -12.68
q 10 30 -36.5
q 10 31 -29.02
q 10 32 -71.45
q 10 33 -51.17
q 11 0 39.53
q 11 1 54.51
q 11 2 28.52
q 11 3 32.62
q 11 4 62.68
q 11 5 77.04
q 11 6 43.9
q 11 7 49.04
q 11 8 58.65
q 11 9 49.11
q 11 10 44.98
q 11 11 56.23
q 11 12 30.69
q 11 13 40.56
q 11 14 1.88
q 11 15 49.76
q 11 16 12.44
q 11 17 -39.53
q 11 18 -54.51
q 11 19 -28.52
q 11 20 -32.62
q 11 21 -62.68
q 11 22 -77.04
q 11 23 -43.9
q 11 24 -49.04
q 11 25 -58.65
q 11 26 -49.11
q 11 27 -44.98
q 11 28 -56.23
q 11 29 -30.69
q 11 30 -40.56
q 11 31 -1.88
q 11 32 -49.76
q 11 33 -12.44
q 12 0 13.84
q 12 1 18.78
q 12 2 57.23
q 12 3 34.78
q 12 4 14.25
q 12 5 71.74
q 12 6 22.24
q 12 7 76.7
q 12 8 60.57
q 12 9 23.2
q 12 10 57.67
q 12 11 34.13
q 12 12 3.24
q 12 13 57.66
q 12 14 6.25
q 12 15 56.97
q 12 16 26.4
q 12 17 -13.84
q 12 18 -18.78
q 12 19 -57.23
q 12 20 -34.78
q 12 21 -14.25
q 12 22 -71.74
q 12 23 -22.24
q 12 24 -76.7
q 12 25 -60.57
q 12 26 -23.2
q 12 27 -57.67
q 12 28 -34.13
q 12 29 -3.24
q 12 30 -57.66
q 12 31 -6.25
q 12 32 -56.97
q 12 33 -26.4
q 13 0 72.73
q 13 1 59.46
q 13 2 16.79
q 13 3 74.19
q 13 4 4.07
q 13 5 57.77
q 13 6 4.84
q 13 7 34.71
q 13 8 43.98
q 13 9 53.21
q 13 10 40.37
q 13 11 17.93
q 13 12 73.83
q 13 13 37.94
q 13 14 24.82
q 13 15 62.78
q 13 16 33.08
q 13 17 -72.73
q 13 18 -59.46
q 13 19 -16.79
q 13 20 -74.19
q 13 21 -4.07
q 13 22 -57.77
q 13 23 -4.84
q 13 24 -34.71
q 13 25 -43.98
q 13 26 -53.21
q 13 27 -40.37
q 13 28 -17.93
q 13 29 -73.83
q 13 30 -37.94
q 13 31 -24.82
q 13 32 -62.78
q 13 33 -33.08
q 14 0 29.2
q 14 1 69.18
q 14 2 56.72
q 14 3 19.24
q 14 4 3.83
q 14 5 3.29
q 14 6 47.21
q 14 7 58.08
q 14 8 64.94
q 14 9 51.75
q 14 10 54.53
q 14 11 30.87
q 14 12 5.01
q 14 13 6.63
q 14 14 50.56
q 14 15 23.23
q 14 16 46.27
q 14 17 -29.2
q 14 18 -69.18
q 14 19 -56.72
q 14 20 -19.24
q 14 21 -3.83
q 14 22 -3.29
q 14 23 -47.21
q 14 24 -58.08
q 14 25 -64.94
q 14 26 -51.75
q 14 27 -54.53
q 14 28 -30.87
q 14 29 -5.01
q 14 30 -6.63
q 14 31 -50.56
q 14 32 -23.23
q 14 33 -46.27
q 15 0 49.61
q 15 1 46.29
q 15 2 79.08
q 15 3 68.67
q 15 4 33.86
q 15 5 36.43
q 15 6 13.69
q 15 7 33.45
q 15 8 37.76
q 15 9 13.01
q 15 10 15.86
q 15 11 26.82
q 15 12 69.92
q 15 13 56.95
q 15 14 2.81
q 15 15 31.06
q 15 16 49.27
q 15 17 -49.61
q 15 18 -46.29
q 15 19 -79.08
q 15 20 -68.67
q 15 21 -33.86
q 15 22 -36.43
q 15 23 -13.69
q 15 24 -33.45
q 15 25 -37.76
q 15 26 -13.01
q 15 27 -15.86
q 15 28 -26.82
q 15 29 -69.92
q 15 30 -56.95
q 15 31 -2.81
q 15 32 -31.06
q 15 33 -49.27
q 16 0 11.97
q 16 1 79.42
q 16 2 42.81
q 16 3 48.75
q 16 4 65.85
q 16 5 50.71
q 16 6 40.5
q 16 7 30.61
q 16 8 67.14
q 16 9 1.9
q 16 10 70.34
q 16 11 1.29
q 16 12 51.91
q 16 13 11.38
q 16 14 5.73
q 16 15 71.68
q 16 16 72.26
q 16 17 -11.97
q 16 18 -79.42
q 16 19 -42.81
q 16 20 -48.75
q 16 21 -65.85
q 16 22 -50.71
q 16 23 -40.5
q 16 24 -30.61
q 16 25 -67.14
q 16 26 -1.9
q 16 27 -70.34
q 16 28 -1.29
q 16 29 -51.91
q 16 30 -11.38
q 16 31 -5.73
q 16 32 -71.68
q 16 33 -72.26
q 17 0 20.27
q 17 1 26.6
q 17 2 51.31
q 17 3 61.56
q 17 4 47.2
q 17 5 48.05
q 17 6 53.59
q 17 7 0.12
q 17 8 13.47
q 17 9 22.33
q 17 10 33.3
q 17 11 26.2
q 17 12 33.31
q 17 13 62.75
q 17 14 19.41
q 17 15 23.71
q 17 16 53.43
q 17 17 -20.27
q 17 18 -26.6
q 17 19 -51.31
q 17 20 -61.56
q 17 21 -47.2
q 17 22 -48.05
q 17 23 -53.59
q 17 24 -0.12
q 17 25 -13.47
q 17 26 -22.33
q 17 27 -33.3
q 17 28 -26.2
q 17 29 -33.31
q 17 30 -62.75
q 17 31 -19.41
q 17 32 -23.71
q 17 33 -53.43
q 18 0 44.89
q 18 1 59.11
q 18 2 9.12
q 18 3 20.83
q 18 4 0.35
q 18 5 77.48
q 18 6 21.02
q 18 7 65.73
q 18 8 76.81
q 18 9 36.37
q 18 10 57.99
q 18 11 36.52
q 18 12 57.26
q 18 13 33.9
q 18 14 32.51
q 18 15 45.3
q 18 16 30.23
q 18 17 -44.89
q 18 18 -59.11
q 18 19 -9.12
q 18 20 -20.83
q 18 21 -0.35
q 18 22 -77.48
q 18 23 -21.02
q 18 24 -65.73
q 18 25 -76.81
q 18 26 -36.37
q 18 27 -57.99
q 18 28 -36.52
q 18 29 -57.26
q 18 30 -33.9
q 18 31 -32.51
q 18 32 -45.3
q 18 33 -30.23
q 19 0 19.64
q 19 1 13.7
q 19 2 28.13
q 19 3 35.68
q 19 4 60.16
q 19 5 51.23
q 19 6 5.34
q 19 7 9.42
q 19 8 35.83
q 19 9 22.45
q 19 10 38
q 19 11 19.7
q 19 12 53.85
q 19 13 8.03
q 19 14 72.77
q 19 15 76.22
q 19 16 68.96
q 19 17 -19.64
q 19 18 -13.7
q 19 19 -28.13
q 19 20 -35.68
q 19 21 -60.16
q 19 22 -51.23
q 19 23 -5.34
q 19 24 -9.42
q 19 25 -35.83
q 19 26 -22.45
q 19 27 -38
q 19 28 -19.7
q 19 29 -53.85
q 19 30 -8.03
q 19 31 -72.77
q 19 32 -76.22
q 19 33 -68.96
q 20 0 47.49
q 20 1 64.45
q 20 2 14.16
q 20 3 65
q 20 4 9.89
q 20 5 40.85
q 20 6 10.15
q 20 7 54.7
q 20 8 18.19
q 20 9 68.77
q 20 10 65.52
q 20 11 37.3
q 20 12 77.38
q 20 13 10.02
q 20 14 2.58
q 20 15 23.57
q 20 16 28.69
q 20 17 -47.49
q 20 18 -64.45
q 20 19 -14.16
q 20 20 -65
q 20 21 -9.89
q 20 22 -40.85
q 20 23 -10.15
q 20 24 -54.7
q 20 25 -18.19
q 20 26 -68.77
q 20 27 -65.52
q 20 28 -37.3
q 20 29 -77.38
q 20 30 -10.02
q 20 31 -2.58
q 20 32 -23.57
q 20 33 -28.69
q 21 0 7.23
q 21 1 68.33
q 21 2 73.1
q 21 3 47.35
q 21 4 50.29
q 21 5 6.13
q 21 6 22.28
q 21 7 44.64
q 21 8 11.32
q 21 9 38.3
q 21 10 72.91
q 21 11 40.14
q 21 12 63.85
q 21 13 13.46
q 21 14 55.85
q 21 15 15.87
q 21 16 65.68
q 21 17 -7.23
q 21 18 -68.33
q 21 19 -73.1
q 21 20 -47.35
q 21 21 -50.29
q 21 22 -6.13
q 21 23 -22.28
q 21 24 -44.64
q 21 25 -11.32
q 21 26 -38.3
q 21 27 -72.91
q 21 28 -40.14
q 21 29 -63.85
q 21 30 -13.46
q 21 31 -55.85
q 21 32 -15.87
q 21 33 -65.68
q 22 0 63.01
q 22 1 4.8
q 22 2 15.86
q 22 3 13.86
q 22 4 25.87
q 22 5 29
q 22 6 44.5
q 22 7 22.11
q 22 8 22.94
q 22 9 25.61
q 22 10 22.17
q 22 11 55.72
q 22 12 10.6
q 22 13 43.37
q 22 14 1.96
q 22 15 59.36
q 22 16 31.01
q 22 17 -63.01
q 22 18 -4.8
q 22 19 -15.86
q 22 20 -13.86
q 22 21 -25.87
q 22 22 -29
q 22 23 -44.5
q 22 24 -22.11
q 22 25 -22.94
q 22 26 -25.61
q 22 27 -22.17
q 22 28 -55.72
q 22 29 -10.6
q 22 30 -43.37
q 22 31 -1.96
q 22 32 -59.36
q 22 33 -31.01
q 23 0 5.87
q 23 1 46.39
q 23 2 19.56
q 23 3 16.69
q 23 4 27.8
q 23 5 5.27
q 23 6 32.05
q 23 7 5.49
q 23 8 61.96
q 23 9 7.72
q 23 10 67.85
q 23 11 22.87
q 23 12 62.4
q 23 13 11.83
q 23 14 28.79
q 23 15 71.21
q 23 16 33.43
q 23 17 -5.87
q 23 18 -46.39
q 23 19 -19.56
q 23 20 -16.69
q 23 21 -27.8
q 23 22 -5.27
q 23 23 -32.05
q 23 24 -5.49
q 23 25 -61.96
q 23 26 -7.72
q 23 27 -67.85
q 23 28 -22.87
q 23 29 -62.4
q 23 30 -11.83
q 23 31 -28.79
q 23 32 -71.21
q 23 33 -33.43
q 24 0 40.68
q 24 1 69.44
q 24 2 26.8
q 24 3 22.3
q 24 4 73.88
q 24 5 37.84
q 24 6 16.21
q 24 7 60.65
q 24 8 28.76
q 24 9 51.64
q 24 10 73.78
q 24 11 35.88
q 24 12 27.55
q 24 13 60.67
q 24 14 55.66
q 24 15 37.17
q 24 16 67.71
q 24 17 -40.68
q 24 18 -69.44
q 24 19 -26.8
q 24 20 -22.3
q 24 21 -73.88
q 24 22 -37.84
q 24 23 -16.21
q 24 24 -60.65
q 24 25 -28.76
q 24 26 -51.64
q 24 27 -73.78
q 24 28 -35.88
q 24 29 -27.55
q 24 30 -60.67
q 24 31 -55.66
q 24 32 -37.17
q 24 33 -67.71
q 25 0 14.44
q 25 1 3.63
q 25 2 42.19
q 25 3 18.58
q 25 4 36.83
q 25 5 32.3
q 25 6 13.21
q 25 7 10.76
q 25 8 15.89
q 25 9 68.5
q 25 10 6.27
q 25 11 5.38
q 25 12 30.62
q 25 13 72.18
q 25 14 51.09
q 25 15 73.46
q 25 16 45.57
q 25 17 -14.44
q 25 18 -3.63
q 25 19 -42.19
q 25 20 -18.58
q 25 21 -36.83
q 25 22 -32.3
q 25 23 -13.21
q 25 24 -10.76
q 25 25 -15.89
q 25 26 -68.5
q 25 27 -6.27
q 25 28 -5.38
q 25 29 -30.62
q 25 30 -72.18
q 25 31 -51.09
q 25 32 -73.46
q 25 33 -45.57
q 26 0 79.88
q 26 1 26.05
q 26 2 32.12
q 26 3 78.3
q 26 4 57.01
q 26 5 20.54
q 26 6 53.75
q 26 7 32.81
q 26 8 61.93
q 26 9 43.41
q 26 10 28.61
q 26 11 66.24
q 26 12 69.03
q 26 13 11.01
q 26 14 53.15
q 26 15 29.16
q 26 16 79.06
q 26 17 -79.88
q 26 18 -26.05
q 26 19 -32.12
q 26 20 -78.3
q 26 21 -57.01
q 26 22 -20.54
q 26 23 -53.75
q 26 24 -32.81
q 26 25 -61.93
q 26 26 -43.41
q 26 27 -28.61
q 26 28 -66.24
q 26 29 -69.03
q 26 30 -11.01
q 26 31 -53.15
q 26 32 -29.16
q 26 33 -79.06
q 27 0 71.95
q 27 1 10.19
q 27 2 44.05
q 27 3 11.58
q 27 4 30.32
q 27 5 28.01
q 27 6 39.54
q 27 7 9.45
q 27 8 17.94
q 27 9 20.24
q 27 10 73.3
q 27 11 68.35
q 27 12 13.25
q 27 13 15.02
q 27 14 74.15
q 27 15 31.84
q 27 16 16.13
q 27 17 -71.95
q 27 18 -10.19
q 27 19 -44.05
q 27 20 -11.58
q 27 21 -30.32
q 27 22 -28.01
q 27 23 -39.54
q 27 24 -9.45
q 27 25 -17.94
q 27 26 -20.24
q 27 27 -73.3
q 27 28 -68.35
q 27 29 -13.25
q 27 30 -15.02
q 27 31 -74.15
q 27 32 -31.84
q 27 33 -16.13
q 28 0 59.35
q 28 1 70.9
q 28 2 56.66
q 28 3 40.74
q 28 4 23.16
q 28 5 73.15
q 28 6 41.88
q 28 7 50.39
q 28 8 59.55
q 28 9 47.89
q 28 10 14.64
q 28 11 69.75
q 28 12 44.61
q 28 13 19.1
q 28 14 74.94
q 28 15 40.14
q 28 16 48.34
q 28 17 -59.35
q 28 18 -70.9
q 28 19 -56.66
q 28 20 -40.74
q 28 21 -23.16
q 28 22 -73.15
q 28 23 -41.88
q 28 24 -50.39
q 28 25 -59.55
q 28 26 -47.89
q 28 27 -14.64
q 28 28 -69.75
q 28 29 -44.61
q 28 30 -19.1
q 28 31 -74.94
q 28 32 -40.14
q 28 33 -48.34
q 29 0 68.11
q 29 1 59.69
q 29 2 75.86
q 29 3 9.98
q 29 4 76.62
q 29 5 6.14
q 29 6 66.32
q 29 7 46.75
q 29 8 37.29
q 29 9 25.2
q 29 10 34.98
q 29 11 78.77
q 29 12 26.83
q 29 13 44.05
q 29 14 26.63
q 29 15 37
q 29 16 2.47
q 29 17 -68.11
q 29 18 -59.69
q 29 19 -75.86
q 29 20 -9.98
q 29 21 -76.62
q 29 22 -6.14
q 29 23 -66.32
q 29 24 -46.75
q 29 25 -37.29
q 29 26 -25.2
q 29 27 -34.98
q 29 28 -78.77
q 29 29 -26.83
q 29 30 -44.05
q 29 31 -26.63
q 29 32 -37
q 29 33 -2.47
q 30 0 64.89
q 30 1 57.84
q 30 2 53.76
q 30 3 34.01
q 30 4 73.34
q 30 5 27.9
q 30 6 39.64
q 30 7 72.41
q 30 8 68.8
q 30 9 79.87
q 30 10 58.27
q 30 11 14.38
q 30 12 52.39
q 30 13 44.16
q 30 14 76.7
q 30 15 3.85
q 30 16 42.32
q 30 17 -64.89
q 30 18 -57.84
q 30 19 -53.76
q 30 20 -34.01
q 30 21 -73.34
q 30 22 -27.9
q 30 23 -39.64
q 30 24 -72.41
q 30 25 -68.8
q 30 26 -79.87
q 30 27 -58.27
q 30 28 -14.38
q 30 29 -52.39
q 30 30 -44.16
q 30 31 -76.7
q 30 32 -3.85
q 30 33 -42.32
q 31 0 41.49
q 31 1 38.51
q 31 2 12.29
q 31 3 75.67
q 31 4 32.1
q 31 5 46.35
q 31 6 14.68
q 31 7 39.3
q 31 8 28.17
q 31 9 28.2
q 31 10 66.25
q 31 11 6.4
q 31 12 41.46
q 31 13 56.45
q 31 14 3.98
q 31 15 12.67
q 31 16 16.24
q 31 17 -41.49
q 31 18 -38.51
q 31 19 -12.29
q 31 20 -75.67
q 31 21 -32.1
q 31 22 -46.35
q 31 23 -14.68
q 31 24 -39.3
q 31 25 -28.17
q 31 26 -28.2
q 31 27 -66.25
q 31 28 -6.4
q 31 29 -41.46
q 31 30 -56.45
q 31 31 -3.98
q 31 32 -12.67
q 31 33 -16.24
q 32 0 40.86
q 32 1 27.86
q 32 2 53.81
q 32 3 45.95
q 32 4 78.32
q 32 5 0.03
q 32 6 10.72
q 32 7 50.52
q 32 8 15.27
q 32 9 78.65
q 32 10 30.17
q 32 11 51.18
q 32 12 48.75
q 32 13 1.45
q 32 14 64.31
q 32 15 21.08
q 32 16 32.87
q 32 17 -40.86
q 32 18 -27.86
q 32 19 -53.81
q 32 20 -45.95
q 32 21 -78.32
q 32 22 -0.03
q 32 23 -10.72
q 32 24 -50.52
q 32 25 -15.27
q 32 26 -78.65
q 32 27 -30.17
q 32 28 -51.18
q 32 29 -48.75
q 32 30 -1.45
q 32 31 -64.31
q 32 32 -21.08
q 32 33 -32.87
q 33 0 75.5
q 33 1 36.29
q 33 2 29.01
q 33 3 7.51
q 33 4 22.91
q 33 5 0.4
q 33 6 31.5
q 33 7 10.84
q 33 8 22.52
q 33 9 30.23
q 33 10 63.76
q 33 11 29.14
q 33 12 65.48
q 33 13 39.1
q 33 14 57.58
q 33 15 12.75
q 33 16 37.46
q 33 17 -75.5
q 33 18 -36.29
q 33 19 -29.01
q 33 20 -7.51
q 33 21 -22.91
q 33 22 -0.4
q 33 23 -31.5
q 33 24 -10.84
q 33 25 -22.52
q 33 26 -30.23
q 33 27 -63.76
q 33 28 -29.14
q 33 29 -65.48
q 33 30 -39.1
q 33 31 -57.58
q 33 32 -12.75
q 33 33 -37.46
q 34 0 52.51
q 34 1 13.6
q 34 2 71.9
q 34 3 23.22
q 34 4 26.66
q 34 5 65.01
q 34 6 9.06
q 34 7 73.29
q 34 8 12.09
q 34 9 31.48
q 34 10 23.69
q 34 11 11.53
q 34 12 43.63
q 34 13 26.49
q 34 14 2.5
q 34 15 10.75
q 34 16 40.84
q 34 17 -52.51
q 34 18 -13.6
q 34 19 -71.9
q 34 20 -23.22
q 34 21 -26.66
q 34 22 -65.01
q 34 23 -9.06
q 34 24 -73.29
q 34 25 -12.09
q 34 26 -31.48
q 34 27 -23.69
q 34 28 -11.53
q 34 29 -43.63
q 34 30 -26.49
q 34 31 -2.5
q 34 32 -10.75
q 34 33 -40.84
q 52 0 90.45
q 52 1 99.51
q 52 2 75.2
q 52 3 72.31
q 52 4 62.23
q 52 5 50.81
q 52 6 72.71
q 52 7 35.87
q 52 8 62.06
q 52 9 66.12
q 52 10 55.18
q 52 11 61.89
q 52 12 95.27
q 52 13 52.9
q 52 14 79.11
q 52 15 43.27
q 52 16 61.94
q 52 17 -13.21
q 52 18 -3.34
q 52 19 -4.67
q 52 20 -16.92
q 52 21 -18.33
q 52 22 -17.22
q 52 23 -8.76
q 52 24 -15.08
q 52 25 -0.79
q 52 26 -19.57
q 52 27 -15.35
q 52 28 -0.59
q 52 29 -3.26
q 52 30 -2.92
q 52 31 -2.54
q 52 32 -13.36
q 52 33 -11.73
q 53 0 37.45
q 53 1 35.88
q 53 2 62.71
q 53 3 43.23
q 53 4 40.69
q 53 5 82.8
q 53 6 95.85
q 53 7 32.85
q 53 8 71.51
q 53 9 35.32
q 53 10 27
q 53 11 89.48
q 53 12 56.83
q 53 13 44.6
q 53 14 42.83
q 53 15 40.04
q 53 16 90.44
q 53 17 -13
q 53 18 -1.47
q 53 19 -7.03
q 53 20 -1.24
q 53 21 -17.31
q 53 22 -16.72
q 53 23 -8.4
q 53 24 -2.41
q 53 25 -5.99
q 53 26 -15.15
q 53 27 -2.32
q 53 28 -16.58
q 53 29 -1.55
q 53 30 -6.27
q 53 31 -14.83
q 53 32 -9.55
q 53 33 -10.21
q 54 0 25.86
q 54 1 31.23
q 54 2 39.92
q 54 3 75.3
q 54 4 69.52
q 54 5 86.33
q 54 6 62.52
q 54 7 37.38
q 54 8 49.95
q 54 9 33.13
q 54 10 20.7
q 54 11 23.57
q 54 12 28.16
q 54 13 56.98
q 54 14 77.94
q 54 15 44.65
q 54 16 68.2
q 54 17 -3.07
q 54 18 -19.98
q 54 19 -1.78
q 54 20 -11.57
q 54 21 -4.9
q 54 22 -1.52
q 54 23 -15.18
q 54 24 -18.04
q 54 25 -11.53
q 54 26 -13.67
q 54 27 -19.58
q 54 28 -5.34
q 54 29 -16.93
q 54 30 -6.84
q 54 31 -16.18
q 54 32 -11.35
q 54 33 -15.67
q 55 0 84.5
q 55 1 52.87
q 55 2 91.03
q 55 3 27.64
q 55 4 94.91
q 55 5 51.28
q 55 6 58.41
q 55 7 35.37
q 55 8 78.81
q 55 9 73.01
q 55 10 79.28
q 55 11 64.08
q 55 12 47.55
q 55 13 83.33
q 55 14 31.81
q 55 15 25.86
q 55 16 48.23
q 55 17 -1.04
q 55 18 -16.84
q 55 19 -5.49
q 55 20 -17.49
q 55 21 -6.82
q 55 22 -18.35
q 55 23 -3.56
q 55 24 -4.22
q 55 25 -10.85
q 55 26 -16.84
q 55 27 -4.49
q 55 28 -7.64
q 55 29 -7.62
q 55 30 -10.83
q 55 31 -2.84
q 55 32 -0.53
q 55 33 -4.98
q 56 0 40.56
q 56 1 79.13
q 56 2 31.02
q 56 3 22.8
q 56 4 92.52
q 56 5 89.27
q 56 6 48.95
q 56 7 42.9
q 56 8 36.6
q 56 9 69.96
q 56 10 72.72
q 56 11 25.32
q 56 12 74.35
q 56 13 96.91
q 56 14 64.74
q 56 15 86.03
q 56 16 75.7
q 56 17 -0.06
q 56 18 -3.14
q 56 19 -0.23
q 56 20 -7.85
q 56 21 -12.99
q 56 22 -4.74
q 56 23 -15.02
q 56 24 -0.37
q 56 25 -17.93
q 56 26 -15.26
q 56 27 -17.8
q 56 28 -13.27
q 56 29 -3.01
q 56 30 -11.37
q 56 31 -4.72
q 56 32 -1.92
q 56 33 -8.61
q 57 0 91.41
q 57 1 58.79
q 57 2 55.84
q 57 3 45.24
q 57 4 89.13
q 57 5 75.63
q 57 6 81.68
q 57 7 81.29
q 57 8 73.37
q 57 9 36.22
q 57 10 27.85
q 57 11 33.3
q 57 12 39.08
q 57 13 23.93
q 57 14 57.44
q 57 15 37.03
q 57 16 29.18
q 57 17 -11.73
q 57 18 -3.8
q 57 19 -6.92
q 57 20 -15.12
q 57 21 -10.55
q 57 22 -1.57
q 57 23 -16.84
q 57 24 -19.71
q 57 25 -14.85
q 57 26 -5.44
q 57 27 -0.66
q 57 28 -10.6
q 57 29 -13.24
q 57 30 -2.42
q 57 31 -13.18
q 57 32 -8.72
q 57 33 -10.71
q 58 0 87.13
q 58 1 72.84
q 58 2 46.26
q 58 3 80.83
q 58 4 54.8
q 58 5 33
q 58 6 80.28
q 58 7 78.28
q 58 8 85.54
q 58 9 24.84
q 58 10 67.12
q 58 11 93.43
q 58 12 64.71
q 58 13 35.69
q 58 14 91.01
q 58 15 68.4
q 58 16 43.32
q 58 17 -17.58
q 58 18 -1.04
q 58 19 -6.84
q 58 20 -0.78
q 58 21 -11.42
q 58 22 -11.13
q 58 23 -8.67
q 58 24 -1.56
q 58 25 -5.35
q 58 26 -11.9
q 58 27 -7.93
q 58 28 -13.87
q 58 29 -7.6
q 58 30 -13.98
q 58 31 -14.06
q 58 32 -12.74
q 58 33 -5.68
q 59 0 96.93
q 59 1 81.27
q 59 2 62.45
q 59 3 69.24
q 59 4 97.72
q 59 5 68.13
q 59 6 93.62
q 59 7 65.68
q 59 8 26.71
q 59 9 83.79
q 59 10 81.82
q 59 11 29.8
q 59 12 25.4
q 59 13 37.14
q 59 14 33.62
q 59 15 38.62
q 59 16 75.03
q 59 17 -8.73
q 59 18 -0.79
q 59 19 -5.11
q 59 20 -19.71
q 59 21 -17.97
q 59 22 -19.91
q 59 23 -19.65
q 59 24 -7.25
q 59 25 -15.78
q 59 26 -1.48
q 59 27 -13.6
q 59 28 -3.69
q 59 29 -4.54
q 59 30 -15.55
q 59 31 -8.76
q 59 32 -2.21
q 59 33 -16.07
q 60 0 33.89
q 60 1 49.16
q 60 2 97.66
q 60 3 48.73
q 60 4 37.06
q 60 5 50.5
q 60 6 85.37
q 60 7 51.27
q 60 8 53.71
q 60 9 40.21
q 60 10 84.49
q 60 11 60.6
q 60 12 91.21
q 60 13 53.74
q 60 14 36.54
q 60 15 90.77
q 60 16 51.55
q 60 17 -17.73
q 60 18 -5.83
q 60 19 -18.53
q 60 20 -17.24
q 60 21 -13.84
q 60 22 -13.97
q 60 23 -13.62
q 60 24 -6.34
q 60 25 -15.81
q 60 26 -0.68
q 60 27 -1.03
q 60 28 -16.21
q 60 29 -6.56
q 60 30 -14.53
q 60 31 -7.72
q 60 32 -14.36
q 60 33 -2.65
q 61 0 63.05
q 61 1 32.28
q 61 2 77.99
q 61 3 95.61
q 61 4 79.83
q 61 5 57.98
q 61 6 24.27
q 61 7 25.02
q 61 8 70.49
q 61 9 31.23
q 61 10 43.26
q 61 11 20.38
q 61 12 52.24
q 61 13 53
q 61 14 56.27
q 61 15 47.55
q 61 16 68.89
q 61 17 -17.63
q 61 18 -11.36
q 61 19 -7.85
q 61 20 -17.05
q 61 21 -3.92
q 61 22 -1.59
q 61 23 -4.34
q 61 24 -17.18
q 61 25 -17.55
q 61 26 -17.73
q 61 27 -4.33
q 61 28 -12.33
q 61 29 -0.72
q 61 30 -13.87
q 61 31 -7.78
q 61 32 -9.11
q 61 33 -3.04
q 62 0 43.26
q 62 1 91.76
q 62 2 33.69
q 62 3 88.43
q 62 4 20.15
q 62 5 28.69
q 62 6 42.02
q 62 7 64.56
q 62 8 69.13
q 62 9 62.83
q 62 10 44.31
q 62 11 44.8
q 62 12 85.05
q 62 13 27.96
q 62 14 58.14
q 62 15 33.54
q 62 16 31.28
q 62 17 -10.55
q 62 18 -18.7
q 62 19 -18.74
q 62 20 -11.55
q 62 21 -18.24
q 62 22 -11.64
q 62 23 -7.54
q 62 24 -11.3
q 62 25 -4.66
q 62 26 -4.41
q 62 27 -17.38
q 62 28 -14.06
q 62 29 -8.07
q 62 30 -13.5
q 62 31 -7.28
q 62 32 -7.01
q 62 33 -1.23
q 63 0 44.37
q 63 1 78.23
q 63 2 56.33
q 63 3 74.69
q 63 4 58.46
q 63 5 55.75
q 63 6 48.55
q 63 7 30.09
q 63 8 36.87
q 63 9 56.19
q 63 10 37.05
q 63 11 24.59
q 63 12 71.87
q 63 13 73.82
q 63 14 66.83
q 63 15 50
q 63 16 80.94
q 63 17 -5.53
q 63 18 -18.8
q 63 19 -3.7
q 63 20 -3.91
q 63 21 -14.17
q 63 22 -6.47
q 63 23 -4.49
q 63 24 -0.33
q 63 25 -13.28
q 63 26 -9.74
q 63 27 -1.53
q 63 28 -15.28
q 63 29 -2.47
q 63 30 -15.41
q 63 31 -19.22
q 63 32 -19.82
q 63 33 -8.02
q 64 0 83.23
q 64 1 98.19
q 64 2 24.31
q 64 3 51.62
q 64 4 95.74
q 64 5 74.87
q 64 6 62.96
q 64 7 93.32
q 64 8 57.99
q 64 9 95.32
q 64 10 73.77
q 64 11 63.59
q 64 12 63.83
q 64 13 61.8
q 64 14 79.9
q 64 15 79.19
q 64 16 98.6
q 64 17 -9.21
q 64 18 -12.72
q 64 19 -2.96
q 64 20 -13.66
q 64 21 -3.62
q 64 22 -7.24
q 64 23 -6.3
q 64 24 -1.85
q 64 25 -5.95
q 64 26 -15.11
q 64 27 -18.78
q 64 28 -13.59
q 64 29 -0.04
q 64 30 -17.41
q 64 31 -0.27
q 64 32 -6.16
q 64 33 -14.77
q 65 0 71.58
q 65 1 62.79
q 65 2 38.45
q 65 3 32.01
q 65 4 49.97
q 65 5 77.46
q 65 6 94.57
q 65 7 83.76
q 65 8 63.19
q 65 9 38.54
q 65 10 68.37
q 65 11 52.9
q 65 12 32
q 65 13 35.08
q 65 14 40.81
q 65 15 81.52
q 65 16 54.93
q 65 17 -5.72
q 65 18 -6.25
q 65 19 -13.76
q 65 20 -9.14
q 65 21 -16.62
q 65 22 -18.77
q 65 23 -11.2
q 65 24 -5.46
q 65 25 -19.22
q 65 26 -6.86
q 65 27 -19.22
q 65 28 -14.99
q 65 29 -10.6
q 65 30 -6.27
q 65 31 -0.1
q 65 32 -4.66
q 65 33 -17.03
q 66 0 70.1
q 66 1 99.8
q 66 2 36.4
q 66 3 65.7
q 66 4 79.25
q 66 5 83.64
q 66 6 65.2
q 66 7 96.56
q 66 8 57.01
q 66 9 46.49
q 66 10 49.47
q 66 11 43.72
q 66 12 24.56
q 66 13 82.67
q 66 14 54.69
q 66 15 78.07
q 66 16 38.05
q 66 17 -15.08
q 66 18 -10.66
q 66 19 -14.89
q 66 20 -14.39
q 66 21 -17.27
q 66 22 -8.45
q 66 23 -8.4
q 66 24 -8.15
q 66 25 -17.49
q 66 26 -4.88
q 66 27 -14.04
q 66 28 -5.34
q 66 29 -12.67
q 66 30 -2.56
q 66 31 -11.13
q 66 32 -3.67
q 66 33 -0.81
q 67 0 90.88
q 67 1 72.33
q 67 2 61.91
q 67 3 27.85
q 67 4 92.91
q 67 5 33.46
q 67 6 90.21
q 67 7 59.02
q 67 8 49.34
q 67 9 44.18
q 67 10 21
q 67 11 29.7
q 67 12 78
q 67 13 35.24
q 67 14 67.93
q 67 15 93.01
q 67 16 65.92
q 67 17 -3.83
q 67 18 -3.82
q 67 19 -19.04
q 67 20 -15.86
q 67 21 -4.23
q 67 22 -15.53
q 67 23 -5.72
q 67 24 -17.79
q 67 25 -11.08
q 67 26 -17.63
q 67 27 -3.83
q 67 28 -4.3
q 67 29 -18.04
q 67 30 -16.68
q 67 31 -8.53
q 67 32 -19.69
q 67 33 -7.19
q 68 0 41.89
q 68 1 68.24
q 68 2 28.93
q 68 3 95.55
q 68 4 31.35
q 68 5 88.57
q 68 6 73.7
q 68 7 91.44
q 68 8 77.95
q 68 9 41.15
q 68 10 99.18
q 68 11 58.24
q 68 12 38.66
q 68 13 32.56
q 68 14 42.39
q 68 15 38.95
q 68 16 79.59
q 68 17 -10.12
q 68 18 -13.23
q 68 19 -7.79
q 68 20 -18.39
q 68 21 -14.16
q 68 22 -4.49
q 68 23 -0.37
q 68 24 -10.15
q 68 25 -18.5
q 68 26 -7.16
q 68 27 -5.31
q 68 28 -7.82
q 68 29 -15.89
q 68 30 -1.16
q 68 31 -7.4
q 68 32 -6.03
q 68 33 -17.87
q 69 0 52.86
q 69 1 92.45
q 69 2 20.1
q 69 3 89.82
q 69 4 33.53
q 69 5 81.38
q 69 6 23.83
q 69 7 78.53
q 69 8 78.64
q 69 9 23.32
q 69 10 25.39
q 69 11 81.5
q 69 12 45.93
q 69 13 71.19
q 69 14 56.04
q 69 15 21.55
q 69 16 25.97
q 69 17 -12.6
q 69 18 -19.19
q 69 19 -5.43
q 69 20 -18.86
q 69 21 -6.74
q 69 22 -3.41
q 69 23 -15.92
q 69 24 -16.36
q 69 25 -2.42
q 69 26 -17.37
q 69 27 -5.06
q 69 28 -3.51
q 69 29 -10.76
q 69 30 -2.68
q 69 31 -10.24
q 69 32 -10.55
q 69 33 -6.93
q 70 0 68.39
q 70 1 88.4
q 70 2 83.06
q 70 3 22.02
q 70 4 46.56
q 70 5 74
q 70 6 64.69
q 70 7 95.2
q 70 8 29.01
q 70 9 85.61
q 70 10 47.23
q 70 11 96.59
q 70 12 75.47
q 70 13 54.28
q 70 14 59.41
q 70 15 25.94
q 70 16 71.43
q 70 17 -12.49
q 70 18 -16.41
q 70 19 -0.89
q 70 20 -14.49
q 70 21 -6.49
q 70 22 -9.23
q 70 23 -16.69
q 70 24 -16.98
q 70 25 -9.82
q 70 26 -8.98
q 70 27 -4.87
q 70 28 -11.29
q 70 29 -14.56
q 70 30 -19.01
q 70 31 -9.16
q 70 32 -9.74
q 70 33 -5.38
q 71 0 77.31
q 71 1 96
q 71 2 26.38
q 71 3 68.41
q 71 4 97.74
q 71 5 57.04
q 71 6 33.88
q 71 7 57.06
q 71 8 74.11
q 71 9 99
q 71 10 42.83
q 71 11 99.05
q 71 12 42.87
q 71 13 47.88
q 71 14 35.74
q 71 15 46.32
q 71 16 44.34
q 71 17 -19.04
q 71 18 -5
q 71 19 -0.84
q 71 20 -19.02
q 71 21 -7.07
q 71 22 -13.82
q 71 23 -8.61
q 71 24 -10.04
q 71 25 -12.4
q 71 26 -10.11
q 71 27 -3.38
q 71 28 -12.62
q 71 29 -17.66
q 71 30 -1.43
q 71 31 -17.32
q 71 32 -15.91
q 71 33 -2.41
q 72 0 38.45
q 72 1 50.12
q 72 2 45.43
q 72 3 88.29
q 72 4 94.66
q 72 5 94.89
q 72 6 83.45
q 72 7 21.68
q 72 8 23.65
q 72 9 97.31
q 72 10 40.19
q 72 11 41.59
q 72 12 75.09
q 72 13 57.69
q 72 14 25.33
q 72 15 37.78
q 72 16 59.91
q 72 17 -17.59
q 72 18 -19.92
q 72 19 -3.45
q 72 20 -8.3
q 72 21 -3.2
q 72 22 -4.92
q 72 23 -7.22
q 72 24 -1.65
q 72 25 -18.46
q 72 26 -2.85
q 72 27 -4.69
q 72 28 -11.69
q 72 29 -9.77
q 72 30 -3.15
q 72 31 -9.44
q 72 32 -18.2
q 72 33 -15.02
