73 34
c 0 35 46
c 0 38 46
c 0 39 46
c 0 45 46
c 0 50 46
c 0 51 46
c 0 53 2
c 0 59 6
c 0 63 6
c 0 71 -3
c 1 39 49
c 1 44 49
c 1 46 49
c 1 48 49
c 1 52 -1
c 1 56 7
c 1 57 5
c 1 65 1
c 1 69 5
c 1 72 8
c 2 35 14
c 2 36 14
c 2 40 14
c 2 43 14
c 2 44 14
c 2 46 14
c 2 47 14
c 2 48 14
c 2 51 14
c 2 53 -30
c 2 55 -32
c 2 62 -32
c 3 35 23
c 3 37 23
c 3 39 23
c 3 41 23
c 3 44 23
c 3 46 23
c 3 49 23
c 3 50 23
c 3 57 -21
c 3 58 -19
c 3 60 -24
c 3 61 -25
c 3 65 -25
c 4 37 44
c 4 40 44
c 4 41 44
c 4 43 44
c 4 49 44
c 4 50 44
c 4 51 44
c 4 62 -2
c 4 70 -5
c 5 35 27
c 5 36 27
c 5 37 27
c 5 40 27
c 5 41 27
c 5 44 27
c 5 45 27
c 5 50 27
c 5 55 -19
c 5 57 -17
c 5 64 -19
c 6 37 20
c 6 40 20
c 6 44 20
c 6 45 20
c 6 47 20
c 6 50 20
c 6 55 -26
c 6 65 -28
c 6 72 -21
c 7 43 35
c 7 45 35
c 7 48 35
c 7 49 35
c 7 50 35
c 7 53 -9
c 7 54 -14
c 7 56 -7
c 7 60 -12
c 7 62 -11
c 7 63 -5
c 8 35 33
c 8 37 33
c 8 38 33
c 8 40 33
c 8 41 33
c 8 43 33
c 8 46 33
c 8 49 33
c 8 50 33
c 8 51 33
c 8 52 -17
c 8 54 -16
c 8 55 -13
c 8 56 -9
c 8 69 -11
c 8 72 -8
c 9 35 26
c 9 36 26
c 9 37 26
c 9 40 26
c 9 42 26
c 9 43 26
c 9 47 26
c 9 51 26
c 9 53 -18
c 9 57 -18
c 9 71 -23
c 9 72 -15
c 10 38 11
c 10 39 11
c 10 41 11
c 10 45 11
c 10 51 11
c 10 60 -36
c 10 65 -37
c 10 70 -38
c 11 36 27
c 11 40 27
c 11 43 27
c 11 44 27
c 11 45 27
c 11 47 27
c 11 48 27
c 11 50 27
c 11 61 -21
c 11 64 -19
c 12 35 41
c 12 36 41
c 12 37 41
c 12 39 41
c 12 43 41
c 12 46 41
c 12 47 41
c 12 48 41
c 12 49 41
c 12 51 41
c 12 70 -8
c 13 36 11
c 13 37 11
c 13 39 11
c 13 43 11
c 13 47 11
c 13 49 11
c 13 50 11
c 14 35 40
c 14 42 40
c 14 43 40
c 14 48 40
c 14 51 40
c 14 52 -10
c 14 60 -7
c 15 36 11
c 15 43 11
c 15 44 11
c 15 45 11
c 15 47 11
c 15 52 -39
c 15 55 -35
c 15 56 -31
c 15 60 -36
c 15 62 -35
c 16 36 39
c 16 37 39
c 16 40 39
c 16 41 39
c 16 42 39
c 16 44 39
c 16 45 39
c 16 49 39
c 16 53 -5
c 16 54 -10
c 16 68 -11
c 16 70 -10
c 17 36 23
c 17 39 23
c 17 40 23
c 17 42 23
c 17 44 23
c 17 46 23
c 17 48 23
c 17 49 23
c 17 50 23
c 17 52 -27
c 17 54 -26
c 17 56 -19
c 17 59 -17
c 17 60 -24
c 17 61 -25
c 17 62 -23
c 17 66 -27
c 17 68 -27
c 17 69 -21
c 17 70 -26
c 18 37 50
c 18 40 50
c 18 41 50
c 18 42 50
c 18 43 50
c 18 46 50
c 18 50 50
c 18 62 4
c 18 69 6
c 19 35 33
c 19 37 33
c 19 38 33
c 19 39 33
c 19 40 33
c 19 43 33
c 19 44 33
c 19 46 33
c 19 56 -9
c 19 59 -7
c 19 72 -8
c 20 37 13
c 20 39 13
c 20 41 13
c 20 42 13
c 20 45 13
c 20 47 13
c 20 49 13
c 20 64 -33
c 20 68 -37
c 21 38 36
c 21 39 36
c 21 40 36
c 21 45 36
c 21 47 36
c 21 48 36
c 21 49 36
c 21 50 36
c 21 54 -13
c 21 56 -6
c 21 59 -4
c 21 63 -4
c 22 36 27
c 22 38 27
c 22 39 27
c 22 40 27
c 22 41 27
c 22 45 27
c 22 47 27
c 22 49 27
c 22 50 27
c 22 51 27
c 22 57 -17
c 22 58 -15
c 22 62 -19
c 22 64 -19
c 22 66 -23
c 22 67 -13
c 22 72 -14
c 23 35 38
c 23 40 38
c 23 42 38
c 23 44 38
c 23 47 38
c 23 48 38
c 23 53 -6
c 23 57 -6
c 23 58 -4
c 23 65 -10
c 23 71 -11
c 24 37 15
c 24 38 15
c 24 39 15
c 24 43 15
c 24 44 15
c 24 46 15
c 24 50 15
c 24 51 15
c 24 55 -31
c 24 62 -31
c 24 63 -25
c 24 67 -25
c 24 69 -29
c 24 70 -34
c 25 35 29
c 25 37 29
c 25 42 29
c 25 44 29
c 25 45 29
c 25 47 29
c 25 48 29
c 25 49 29
c 25 63 -11
c 26 35 42
c 26 38 42
c 26 41 42
c 26 43 42
c 26 44 42
c 26 45 42
c 26 47 42
c 26 50 42
c 26 51 42
c 26 57 -2
c 26 61 -6
c 26 63 2
c 26 64 -4
c 26 68 -8
c 26 71 -7
c 26 72 1
c 27 39 33
c 27 43 33
c 27 44 33
c 27 45 33
c 27 49 33
c 27 51 33
c 27 57 -11
c 27 58 -9
c 27 59 -7
c 27 63 -7
c 28 35 22
c 28 36 22
c 28 37 22
c 28 39 22
c 28 40 22
c 28 46 22
c 28 47 22
c 28 54 -27
c 28 57 -22
c 28 64 -24
c 28 72 -19
c 29 35 18
c 29 37 18
c 29 42 18
c 29 43 18
c 29 44 18
c 29 47 18
c 29 48 18
c 29 51 18
c 29 54 -31
c 29 56 -24
c 29 59 -22
c 29 62 -28
c 29 64 -28
c 29 67 -22
c 29 68 -32
c 30 37 37
c 30 40 37
c 30 41 37
c 30 45 37
c 30 46 37
c 30 48 37
c 30 63 -3
c 30 67 -3
c 30 69 -7
c 31 35 44
c 31 37 44
c 31 41 44
c 31 46 44
c 31 48 44
c 31 56 2
c 31 61 -4
c 31 63 4
c 32 39 21
c 32 41 21
c 32 42 21
c 32 49 21
c 32 50 21
c 32 52 -29
c 32 57 -23
c 32 66 -29
c 32 68 -29
c 32 70 -28
c 33 36 24
c 33 38 24
c 33 39 24
c 33 40 24
c 33 42 24
c 33 44 24
c 33 45 24
c 33 46 24
c 33 48 24
c 33 49 24
c 33 50 24
c 33 56 -18
c 33 60 -23
c 33 61 -24
c 33 69 -20
c 34 36 47
c 34 45 47
c 34 51 47
c 34 58 5
c 34 61 -1
c 35 52 -50
c 35 58 -42
c 35 60 -47
c 35 61 -48
c 35 63 -40
c 35 68 -50
c 35 72 -41
c 36 55 -46
c 36 60 -47
c 36 64 -46
c 36 66 -50
c 36 72 -41
c 37 52 -50
c 37 54 -49
c 37 59 -40
c 37 60 -47
c 37 62 -46
c 37 63 -40
c 37 71 -49
c 38 52 -50
c 38 57 -44
c 38 58 -42
c 38 62 -46
c 38 63 -40
c 38 66 -50
c 38 68 -50
c 38 70 -49
c 38 71 -49
c 38 72 -41
c 39 55 -46
c 39 56 -42
c 39 60 -47
c 39 64 -46
c 39 66 -50
c 39 68 -50
c 39 71 -49
c 39 72 -41
c 40 52 -50
c 40 53 -44
c 40 54 -49
c 40 55 -46
c 40 57 -44
c 40 59 -40
c 40 60 -47
c 40 66 -50
c 40 67 -40
c 40 70 -49
c 40 71 -49
c 40 72 -41
c 41 52 -50
c 41 53 -44
c 41 55 -46
c 41 60 -47
c 41 62 -46
c 41 63 -40
c 41 66 -50
c 41 68 -50
c 42 55 -46
c 42 57 -44
c 42 59 -40
c 42 63 -40
c 42 64 -46
c 42 67 -40
c 42 70 -49
c 42 71 -49
c 42 72 -41
c 43 52 -50
c 43 58 -42
c 43 64 -46
c 44 53 -44
c 44 57 -44
c 44 64 -46
c 44 65 -48
c 44 69 -44
c 44 70 -49
c 45 56 -42
c 45 58 -42
c 45 60 -47
c 45 62 -46
c 45 63 -40
c 45 64 -46
c 45 66 -50
c 45 70 -49
c 45 72 -41
c 46 52 -50
c 46 58 -42
c 46 60 -47
c 46 62 -46
c 46 69 -44
c 46 71 -49
c 47 52 -50
c 47 54 -49
c 47 59 -40
c 47 60 -47
c 47 63 -40
c 47 66 -50
c 47 70 -49
c 48 52 -50
c 48 53 -44
c 48 55 -46
c 48 57 -44
c 48 63 -40
c 48 68 -50
c 48 69 -44
c 48 70 -49
c 49 52 -50
c 49 53 -44
c 49 58 -42
c 49 63 -40
c 49 66 -50
c 49 68 -50
c 49 69 -44
c 49 72 -41
c 50 52 -50
c 50 53 -44
c 50 56 -42
c 50 57 -44
c 50 68 -50
c 50 71 -49
c 51 59 -40
c 51 62 -46
c 51 63 -40
c 51 64 -46
c 51 65 -48
c 51 70 -49
c 51 72 -41
bu 0 55
bu 1 41
bu 2 41
bu 3 159
bu 4 256
bu 5 9
bu 6 292
bu 7 28
bu 8 63
bu 9 61
bu 10 49
bu 11 190
bu 12 85
bu 13 95
bu 14 194
bu 15 209
bu 16 250
bu 17 67
bu 18 20
bu 19 29
bu 20 253
bu 21 214
bu 22 146
bu 23 221
bu 24 139
bu 25 135
bu 26 216
bu 27 185
bu 28 93
bu 29 213
bu 30 125
bu 31 274
bu 32 161
bu 33 207
bu 34 109
bu 35 186
bu 36 183
bu 37 197
bu 38 56
bu 39 175
bu 40 122
bu 41 73
bu 42 148
bu 43 149
bu 44 74
bu 45 59
bu 46 66
bu 47 171
bu 48 101
bu 49 177
bu 50 187
bu 51 93
bu 52 137
bu 53 195
bu 54 81
bu 55 188
bu 56 20
bu 57 152
bu 58 128
bu 59 238
bu 60 87
bu 61 220
bu 62 135
bu 63 87
bu 64 209
bu 65 269
bu 66 118
bu 67 139
bu 68 168
bu 69 226
bu 70 249
bu 71 199
bu 72 190
q 0 0 61.9
q 0 1 9.87
q 0 2 4.45
q 0 3 9.18
q 0 4 23.33
q 0 5 78.51
q 0 6 70.18
q 0 7 12.9
q 0 8 68.37
q 0 9 69.19
q 0 10 6.15
q 0 11 28.6
q 0 12 15.98
q 0 13 8.83
q 0 14 8.18
q 0 15 33.82
q 0 16 43.51
q 0 17 -61.9
q 0 18 -9.87
q 0 19 -4.45
q 0 20 -9.18
q 0 21 -23.33
q 0 22 -78.51
q 0 23 -70.18
q 0 24 -12.9
q 0 25 -68.37
q 0 26 -69.19
q 0 27 -6.15
q 0 28 -28.6
q 0 29 -15.98
q 0 30 -8.83
q 0 31 -8.18
q 0 32 -33.82
q 0 33 -43.51
q 1 0 13.61
q 1 1 52.87
q 1 2 11.18
q 1 3 4.2
q 1 4 8.49
q 1 5 55.6
q 1 6 29.15
q 1 7 52.93
q 1 8 0.62
q 1 9 63.19
q 1 10 15.29
q 1 11 49.13
q 1 12 8.88
q 1 13 46.8
q 1 14 52.89
q 1 15 4.82
q 1 16 21.02
q 1 17 -13.61
q 1 18 -52.87
q 1 19 -11.18
q 1 20 -4.2
q 1 21 -8.49
q 1 22 -55.6
q 1 23 -29.15
q 1 24 -52.93
q 1 25 -0.62
q 1 26 -63.19
q 1 27 -15.29
q 1 28 -49.13
q 1 29 -8.88
q 1 30 -46.8
q 1 31 -52.89
q 1 32 -4.82
q 1 33 -21.02
q 2 0 42.16
q 2 1 62.31
q 2 2 2.71
q 2 3 4.41
q 2 4 64.25
q 2 5 4.75
q 2 6 40.98
q 2 7 69.15
q 2 8 10.24
q 2 9 18.66
q 2 10 49.38
q 2 11 8.62
q 2 12 0.82
q 2 13 13.21
q 2 14 16.77
q 2 15 78.98
q 2 16 35.68
q 2 17 -42.16
q 2 18 -62.31
q 2 19 -2.71
q 2 20 -4.41
q 2 21 -64.25
q 2 22 -4.75
q 2 23 -40.98
q 2 24 -69.15
q 2 25 -10.24
q 2 26 -18.66
q 2 27 -49.38
q 2 28 -8.62
q 2 29 -0.82
q 2 30 -13.21
q 2 31 -16.77
q 2 32 -78.98
q 2 33 -35.68
q 3 0 70.87
q 3 1 46.3
q 3 2 42.99
q 3 3 50.44
q 3 4 0.38
q 3 5 74.89
q 3 6 73.49
q 3 7 11.23
q 3 8 47.4
q 3 9 24.8
q 3 10 8.77
q 3 11 18.86
q 3 12 2.18
q 3 13 71.71
q 3 14 56.12
q 3 15 0.68
q 3 16 60.56
q 3 17 -70.87
q 3 18 -46.3
q 3 19 -42.99
q 3 20 -50.44
q 3 21 -0.38
q 3 22 -74.89
q 3 23 -73.49
q 3 24 -11.23
q 3 25 -47.4
q 3 26 -24.8
q 3 27 -8.77
q 3 28 -18.86
q 3 29 -2.18
q 3 30 -71.71
q 3 31 -56.12
q 3 32 -0.68
q 3 33 -60.56
q 4 0 16.38
q 4 1 54.59
q 4 2 27.22
q 4 3 47.55
q 4 4 41.95
q 4 5 36.81
q 4 6 18.32
q 4 7 3.41
q 4 8 39.07
q 4 9 77.72
q 4 10 34.67
q 4 11 33.65
q 4 12 26.08
q 4 13 31.46
q 4 14 33.83
q 4 15 61.58
q 4 16 65.8
q 4 17 -16.38
q 4 18 -54.59
q 4 19 -27.22
q 4 20 -47.55
q 4 21 -41.95
q 4 22 -36.81
q 4 23 -18.32
q 4 24 -3.41
q 4 25 -39.07
q 4 26 -77.72
q 4 27 -34.67
q 4 28 -33.65
q 4 29 -26.08
q 4 30 -31.46
q 4 31 -33.83
q 4 32 -61.58
q 4 33 -65.8
q 5 0 44.67
q 5 1 72.25
q 5 2 70.17
q 5 3 77.03
q 5 4 62.72
q 5 5 17.64
q 5 6 26.34
q 5 7 54.01
q 5 8 6.47
q 5 9 38.79
q 5 10 43.29
q 5 11 26.51
q 5 12 0.87
q 5 13 36.38
q 5 14 64.98
q 5 15 46.17
q 5 16 16.88
q 5 17 -44.67
q 5 18 -72.25
q 5 19 -70.17
q 5 20 -77.03
q 5 21 -62.72
q 5 22 -17.64
q 5 23 -26.34
q 5 24 -54.01
q 5 25 -6.47
q 5 26 -38.79
q 5 27 -43.29
q 5 28 -26.51
q 5 29 -0.87
q 5 30 -36.38
q 5 31 -64.98
q 5 32 -46.17
q 5 33 -16.88
q 6 0 0.61
q 6 1 71.37
q 6 2 28.08
q 6 3 37.94
q 6 4 15.46
q 6 5 36.62
q 6 6 34.03
q 6 7 36.78
q 6 8 40.31
q 6 9 46.94
q 6 10 43.25
q 6 11 44.13
q 6 12 45.42
q 6 13 35.64
q 6 14 74.24
q 6 15 5.53
q 6 16 15.95
q 6 17 -0.61
q 6 18 -71.37
q 6 19 -28.08
q 6 20 -37.94
q 6 21 -15.46
q 6 22 -36.62
q 6 23 -34.03
q 6 24 -36.78
q 6 25 -40.31
q 6 26 -46.94
q 6 27 -43.25
q 6 28 -44.13
q 6 29 -45.42
q 6 30 -35.64
q 6 31 -74.24
q 6 32 -5.53
q 6 33 -15.95
q 7 0 25.85
q 7 1 18.46
q 7 2 14.5
q 7 3 61.22
q 7 4 2.3
q 7 5 11.67
q 7 6 20.07
q 7 7 40.4
q 7 8 72.15
q 7 9 34.98
q 7 10 35.51
q 7 11 47.91
q 7 12 79.28
q 7 13 66.32
q 7 14 65.45
q 7 15 71.74
q 7 16 58.27
q 7 17 -25.85
q 7 18 -18.46
q 7 19 -14.5
q 7 20 -61.22
q 7 21 -2.3
q 7 22 -11.67
q 7 23 -20.07
q 7 24 -40.4
q 7 25 -72.15
q 7 26 -34.98
q 7 27 -35.51
q 7 28 -47.91
q 7 29 -79.28
q 7 30 -66.32
q 7 31 -65.45
q 7 32 -71.74
q 7 33 -58.27
q 8 0 0.33
q 8 1 44.3
q 8 2 64.16
q 8 3 74.94
q 8 4 73.24
q 8 5 65.04
q 8 6 39.05
q 8 7 53.33
q 8 8 49.19
q 8 9 0.52
q 8 10 43.96
q 8 11 78.63
q 8 12 9.9
q 8 13 6.84
q 8 14 13.93
q 8 15 67.71
q 8 16 52.99
q 8 17 -0.33
q 8 18 -44.3
q 8 19 -64.16
q 8 20 -74.94
q 8 21 -73.24
q 8 22 -65.04
q 8 23 -39.05
q 8 24 -53.33
q 8 25 -49.19
q 8 26 -0.52
q 8 27 -43.96
q 8 28 -78.63
q 8 29 -9.9
q 8 30 -6.84
q 8 31 -13.93
q 8 32 -67.71
q 8 33 -52.99
q 9 0 18.83
q 9 1 59.95
q 9 2 80
q 9 3 3.55
q 9 4 71.78
q 9 5 36.66
q 9 6 60.75
q 9 7 62.07
q 9 8 1.8
q 9 9 25.96
q 9 10 54.28
q 9 11 41.35
q 9 12 43.06
q 9 13 36.85
q 9 14 58.74
q 9 15 0.35
q 9 16 6.85
q 9 17 -18.83
q 9 18 -59.95
q 9 19 -80
q 9 20 -3.55
q 9 21 -71.78
q 9 22 -36.66
q 9 23 -60.75
q 9 24 -62.07
q 9 25 -1.8
q 9 26 -25.96
q 9 27 -54.28
q 9 28 -41.35
q 9 29 -43.06
q 9 30 -36.85
q 9 31 -58.74
q 9 32 -0.35
q 9 33 -6.85
q 10 0 3.95
q 10 1 26.87
q 10 2 29
q 10 3 50.17
q 10 4 12.04
q 10 5 53.71
q 10 6 22.06
q 10 7 56.81
q 10 8 40.15
q 10 9 45.35
q 10 10 59.03
q 10 11 19.13
q 10 12 43.68
q 10 13 59.34
q 10 14 61.5
q 10 15 2.92
q 10 16 27.66
q 10 17 -3.95
q 10 18 -26.87
q 10 19 -29
q 10 20 -50.17
q 10 21 -12.04
q 10 22 -53.71
q 10 23 -22.06
q 10 24 -56.81
q 10 25 -40.15
q 10 26 -45.35
q 10 27 -59.03
q 10 28 -19.13
q 10 29 -43.68
q 10 30 -59.34
q 10 31 -61.5
q 10 32 -2.92
q 10 33 -27.66
q 11 0 44.03
q 11 1 37.81
q 11 2 20.42
q 11 3 38.33
q 11 4 48.24
q 11 5 20.98
q 11 6 50.27
q 11 7 37.11
q 11 8 5.34
q 11 9 60.57
q 11 10 28.7
q 11 11 43.23
q 11 12 45.92
q 11 13 28.59
q 11 14 19.38
q 11 15 34.94
q 11 16 4.52
q 11 17 -44.03
q 11 18 -37.81
q 11 19 -20.42
q 11 20 -38.33
q 11 21 -48.24
q 11 22 -20.98
q 11 23 -50.27
q 11 24 -37.11
q 11 25 -5.34
q 11 26 -60.57
q 11 27 -28.7
q 11 28 -43.23
q 11 29 -45.92
q 11 30 -28.59
q 11 31 -19.38
q 11 32 -34.94
q 11 33 -4.52
q 12 0 36.77
q 12 1 73.48
q 12 2 78.46
q 12 3 9.58
q 12 4 57.05
q 12 5 24.12
q 12 6 37.81
q 12 7 68.57
q 12 8 13.64
q 12 9 47.43
q 12 10 54.48
q 12 11 75.85
q 12 12 5.83
q 12 13 34.94
q 12 14 14.57
q 12 15 7.09
q 12 16 63.22
q 12 17 -36.77
q 12 18 -73.48
q 12 19 -78.46
q 12 20 -9.58
q 12 21 -57.05
q 12 22 -24.12
q 12 23 -37.81
q 12 24 -68.57
q 12 25 -13.64
q 12 26 -47.43
q 12 27 -54.48
q 12 28 -75.85
q 12 29 -5.83
q 12 30 -34.94
q 12 31 -14.57
q 12 32 -7.09
q 12 33 -63.22
q 13 0 69.26
q 13 1 61.7
q 13 2 79.77
q 13 3 73.59
q 13 4 47.73
q 13 5 41.74
q 13 6 42.42
q 13 7 9.11
q 13 8 70.45
q 13 9 10.47
q 13 10 47.73
q 13 11 4.01
q 13 12 52.34
q 13 13 65.55
q 13 14 18.3
q 13 15 31.65
q 13 16 70.36
q 13 17 -69.26
q 13 18 -61.7
q 13 19 -79.77
q 13 20 -73.59
q 13 21 -47.73
q 13 22 -41.74
q 13 23 -42.42
q 13 24 -9.11
q 13 25 -70.45
q 13 26 -10.47
q 13 27 -47.73
q 13 28 -4.01
q 13 29 -52.34
q 13 30 -65.55
q 13 31 -18.3
q 13 32 -31.65
q 13 33 -70.36
q 14 0 62.77
q 14 1 10.76
q 14 2 17.69
q 14 3 11.31
q 14 4 3.73
q 14 5 40.62
q 14 6 25.78
q 14 7 21.82
q 14 8 13.18
q 14 9 49.81
q 14 10 24.24
q 14 11 58.08
q 14 12 32.06
q 14 13 40.99
q 14 14 13.81
q 14 15 69.17
q 14 16 25.32
q 14 17 -62.77
q 14 18 -10.76
q 14 19 -17.69
q 14 20 -11.31
q 14 21 -3.73
q 14 22 -40.62
q 14 23 -25.78
q 14 24 -21.82
q 14 25 -13.18
q 14 26 -49.81
q 14 27 -24.24
q 14 28 -58.08
q 14 29 -32.06
q 14 30 -40.99
q 14 31 -13.81
q 14 32 -69.17
q 14 33 -25.32
q 15 0 53.16
q 15 1 2.69
q 15 2 25.2
q 15 3 65.96
q 15 4 33.14
q 15 5 15.57
q 15 6 3.73
q 15 7 30.76
q 15 8 36.72
q 15 9 45.3
q 15 10 17.08
q 15 11 24.19
q 15 12 34.27
q 15 13 31.35
q 15 14 66.15
q 15 15 10.97
q 15 16 51.09
q 15 17 -53.16
q 15 18 -2.69
q 15 19 -25.2
q 15 20 -65.96
q 15 21 -33.14
q 15 22 -15.57
q 15 23 -3.73
q 15 24 -30.76
q 15 25 -36.72
q 15 26 -45.3
q 15 27 -17.08
q 15 28 -24.19
q 15 29 -34.27
q 15 30 -31.35
q 15 31 -66.15
q 15 32 -10.97
q 15 33 -51.09
q 16 0 38.76
q 16 1 47.98
q 16 2 51.76
q 16 3 27.72
q 16 4 78.48
q 16 5 33.32
q 16 6 68.98
q 16 7 75.04
q 16 8 68.42
q 16 9 54.87
q 16 10 1.41
q 16 11 30.49
q 16 12 60.23
q 16 13 57.09
q 16 14 55.87
q 16 15 73.42
q 16 16 15.51
q 16 17 -38.76
q 16 18 -47.98
q 16 19 -51.76
q 16 20 -27.72
q 16 21 -78.48
q 16 22 -33.32
q 16 23 -68.98
q 16 24 -75.04
q 16 25 -68.42
q 16 26 -54.87
q 16 27 -1.41
q 16 28 -30.49
q 16 29 -60.23
q 16 30 -57.09
q 16 31 -55.87
q 16 32 -73.42
q 16 33 -15.51
q 17 0 26.07
q 17 1 47.71
q 17 2 58.52
q 17 3 36.14
q 17 4 34.86
q 17 5 28.18
q 17 6 17.77
q 17 7 73.7
q 17 8 40.37
q 17 9 55.07
q 17 10 34.42
q 17 11 5.77
q 17 12 67.2
q 17 13 16
q 17 14 11.7
q 17 15 0.69
q 17 16 7.8
q 17 17 -26.07
q 17 18 -47.71
q 17 19 -58.52
q 17 20 -36.14
q 17 21 -34.86
q 17 22 -28.18
q 17 23 -17.77
q 17 24 -73.7
q 17 25 -40.37
q 17 26 -55.07
q 17 27 -34.42
q 17 28 -5.77
q 17 29 -67.2
q 17 30 -16
q 17 31 -11.7
q 17 32 -0.69
q 17 33 -7.8
q 18 0 0.78
q 18 1 57.19
q 18 2 53.18
q 18 3 75.13
q 18 4 77.36
q 18 5 48.24
q 18 6 2.12
q 18 7 41.88
q 18 8 6.61
q 18 9 29.96
q 18 10 67.54
q 18 11 69.78
q 18 12 43.04
q 18 13 75.04
q 18 14 59.07
q 18 15 34.59
q 18 16 36.78
q 18 17 -0.78
q 18 18 -57.19
q 18 19 -53.18
q 18 20 -75.13
q 18 21 -77.36
q 18 22 -48.24
q 18 23 -2.12
q 18 24 -41.88
q 18 25 -6.61
q 18 26 -29.96
q 18 27 -67.54
q 18 28 -69.78
q 18 29 -43.04
q 18 30 -75.04
q 18 31 -59.07
q 18 32 -34.59
q 18 33 -36.78
q 19 0 21.58
q 19 1 55.37
q 19 2 49.87
q 19 3 77.16
q 19 4 33.61
q 19 5 57.35
q 19 6 29.2
q 19 7 78.05
q 19 8 39.72
q 19 9 13.09
q 19 10 47.33
q 19 11 32.16
q 19 12 52.33
q 19 13 15.61
q 19 14 32.19
q 19 15 26.91
q 19 16 37.48
q 19 17 -21.58
q 19 18 -55.37
q 19 19 -49.87
q 19 20 -77.16
q 19 21 -33.61
q 19 22 -57.35
q 19 23 -29.2
q 19 24 -78.05
q 19 25 -39.72
q 19 26 -13.09
q 19 27 -47.33
q 19 28 -32.16
q 19 29 -52.33
q 19 30 -15.61
q 19 31 -32.19
q 19 32 -26.91
q 19 33 -37.48
q 20 0 33.72
q 20 1 49.04
q 20 2 42.96
q 20 3 48.38
q 20 4 41.25
q 20 5 14.67
q 20 6 11.26
q 20 7 42.78
q 20 8 59.62
q 20 9 72.91
q 20 10 3.48
q 20 11 32.11
q 20 12 6.89
q 20 13 24.7
q 20 14 68.97
q 20 15 48.75
q 20 16 63.45
q 20 17 -33.72
q 20 18 -49.04
q 20 19 -42.96
q 20 20 -48.38
q 20 21 -41.25
q 20 22 -14.67
q 20 23 -11.26
q 20 24 -42.78
q 20 25 -59.62
q 20 26 -72.91
q 20 27 -3.48
q 20 28 -32.11
q 20 29 -6.89
q 20 30 -24.7
q 20 31 -68.97
q 20 32 -48.75
q 20 33 -63.45
q 21 0 8.69
q 21 1 59.95
q 21 2 48.14
q 21 3 57.24
q 21 4 5.92
q 21 5 32.6
q 21 6 55.93
q 21 7 2.53
q 21 8 69.54
q 21 9 38.59
q 21 10 10.31
q 21 11 44.91
q 21 12 54.26
q 21 13 49.61
q 21 14 10.95
q 21 15 6.99
q 21 16 77.35
q 21 17 -8.69
q 21 18 -59.95
q 21 19 -48.14
q 21 20 -57.24
q 21 21 -5.92
q 21 22 -32.6
q 21 23 -55.93
q 21 24 -2.53
q 21 25 -69.54
q 21 26 -38.59
q 21 27 -10.31
q 21 28 -44.91
q 21 29 -54.26
q 21 30 -49.61
q 21 31 -10.95
q 21 32 -6.99
q 21 33 -77.35
q 22 0 1.62
q 22 1 53.94
q 22 2 55.61
q 22 3 43.14
q 22 4 39.53
q 22 5 63.67
q 22 6 50.17
q 22 7 45.47
q 22 8 13.83
q 22 9 76.29
q 22 10 37.36
q 22 11 9.14
q 22 12 74.36
q 22 13 44.09
q 22 14 10.08
q 22 15 24.62
q 22 16 63.14
q 22 17 -1.62
q 22 18 -53.94
q 22 19 -55.61
q 22 20 -43.14
q 22 21 -39.53
q 22 22 -63.67
q 22 23 -50.17
q 22 24 -45.47
q 22 25 -13.83
q 22 26 -76.29
q 22 27 -37.36
q 22 28 -9.14
q 22 29 -74.36
q 22 30 -44.09
q 22 31 -10.08
q 22 32 -24.62
q 22 33 -63.14
q 23 0 67.56
q 23 1 34.69
q 23 2 53.73
q 23 3 45.71
q 23 4 62.36
q 23 5 43.53
q 23 6 23.11
q 23 7 31.82
q 23 8 7.4
q 23 9 48.34
q 23 10 63.12
q 23 11 51.97
q 23 12 59.5
q 23 13 39.98
q 23 14 39.94
q 23 15 21.44
q 23 16 77.96
q 23 17 -67.56
q 23 18 -34.69
q 23 19 -53.73
q 23 20 -45.71
q 23 21 -62.36
q 23 22 -43.53
q 23 23 -23.11
q 23 24 -31.82
q 23 25 -7.4
q 23 26 -48.34
q 23 27 -63.12
q 23 28 -51.97
q 23 29 -59.5
q 23 30 -39.98
q 23 31 -39.94
q 23 32 -21.44
q 23 33 -77.96
q 24 0 12.17
q 24 1 77.09
q 24 2 61.15
q 24 3 23.75
q 24 4 0.21
q 24 5 19.48
q 24 6 72.8
q 24 7 2.48
q 24 8 43.66
q 24 9 48.91
q 24 10 19.53
q 24 11 36.35
q 24 12 14.89
q 24 13 9.11
q 24 14 33.26
q 24 15 59.32
q 24 16 20.41
q 24 17 -12.17
q 24 18 -77.09
q 24 19 -61.15
q 24 20 -23.75
q 24 21 -0.21
q 24 22 -19.48
q 24 23 -72.8
q 24 24 -2.48
q 24 25 -43.66
q 24 26 -48.91
q 24 27 -19.53
q 24 28 -36.35
q 24 29 -14.89
q 24 30 -9.11
q 24 31 -33.26
q 24 32 -59.32
q 24 33 -20.41
q 25 0 72.4
q 25 1 3.99
q 25 2 3.28
q 25 3 61.58
q 25 4 55.93
q 25 5 47.4
q 25 6 64.44
q 25 7 64.75
q 25 8 28.46
q 25 9 15.04
q 25 10 63.04
q 25 11 13.58
q 25 12 56.71
q 25 13 42.94
q 25 14 40.88
q 25 15 79.91
q 25 16 62.16
q 25 17 -72.4
q 25 18 -3.99
q 25 19 -3.28
q 25 20 -61.58
q 25 21 -55.93
q 25 22 -47.4
q 25 23 -64.44
q 25 24 -64.75
q 25 25 -28.46
q 25 26 -15.04
q 25 27 -63.04
q 25 28 -13.58
q 25 29 -56.71
q 25 30 -42.94
q 25 31 -40.88
q 25 32 -79.91
q 25 33 -62.16
q 26 0 20.5
q 26 1 78.4
q 26 2 22.2
q 26 3 34.99
q 26 4 12.31
q 26 5 42.44
q 26 6 35.26
q 26 7 22.98
q 26 8 3.94
q 26 9 78.77
q 26 10 74.42
q 26 11 41.86
q 26 12 11.44
q 26 13 28.91
q 26 14 45.1
q 26 15 24.37
q 26 16 9.76
q 26 17 -20.5
q 26 18 -78.4
q 26 19 -22.2
q 26 20 -34.99
q 26 21 -12.31
q 26 22 -42.44
q 26 23 -35.26
q 26 24 -22.98
q 26 25 -3.94
q 26 26 -78.77
q 26 27 -74.42
q 26 28 -41.86
q 26 29 -11.44
q 26 30 -28.91
q 26 31 -45.1
q 26 32 -24.37
q 26 33 -9.76
q 27 0 62.25
q 27 1 0.63
q 27 2 62.17
q 27 3 10.55
q 27 4 43.82
q 27 5 24.35
q 27 6 5.43
q 27 7 66.15
q 27 8 70.68
q 27 9 72.75
q 27 10 35.41
q 27 11 78.17
q 27 12 61.21
q 27 13 36.21
q 27 14 6.06
q 27 15 49.74
q 27 16 78.02
q 27 17 -62.25
q 27 18 -0.63
q 27 19 -62.17
q 27 20 -10.55
q 27 21 -43.82
q 27 22 -24.35
q 27 23 -5.43
q 27 24 -66.15
q 27 25 -70.68
q 27 26 -72.75
q 27 27 -35.41
q 27 28 -78.17
q 27 29 -61.21
q 27 30 -36.21
q 27 31 -6.06
q 27 32 -49.74
q 27 33 -78.02
q 28 0 70.67
q 28 1 50.44
q 28 2 57.71
q 28 3 66.15
q 28 4 50.91
q 28 5 78.38
q 28 6 30.28
q 28 7 61.76
q 28 8 25.67
q 28 9 66.24
q 28 10 27.15
q 28 11 54.36
q 28 12 31.67
q 28 13 71.12
q 28 14 1.2
q 28 15 59.25
q 28 16 52
q 28 17 -70.67
q 28 18 -50.44
q 28 19 -57.71
q 28 20 -66.15
q 28 21 -50.91
q 28 22 -78.38
q 28 23 -30.28
q 28 24 -61.76
q 28 25 -25.67
q 28 26 -66.24
q 28 27 -27.15
q 28 28 -54.36
q 28 29 -31.67
q 28 30 -71.12
q 28 31 -1.2
q 28 32 -59.25
q 28 33 -52
q 29 0 25.32
q 29 1 15.93
q 29 2 39.76
q 29 3 52.49
q 29 4 59.9
q 29 5 1.38
q 29 6 44.89
q 29 7 73.42
q 29 8 4.59
q 29 9 9.07
q 29 10 4.02
q 29 11 14.79
q 29 12 35.11
q 29 13 26.02
q 29 14 21.51
q 29 15 39.46
q 29 16 8.29
q 29 17 -25.32
q 29 18 -15.93
q 29 19 -39.76
q 29 20 -52.49
q 29 21 -59.9
q 29 22 -1.38
q 29 23 -44.89
q 29 24 -73.42
q 29 25 -4.59
q 29 26 -9.07
q 29 27 -4.02
q 29 28 -14.79
q 29 29 -35.11
q 29 30 -26.02
q 29 31 -21.51
q 29 32 -39.46
q 29 33 -8.29
q 30 0 77.03
q 30 1 50.96
q 30 2 23.29
q 30 3 40.56
q 30 4 49.01
q 30 5 38.4
q 30 6 46.22
q 30 7 70.02
q 30 8 10.96
q 30 9 78.71
q 30 10 8.94
q 30 11 79.91
q 30 12 16.6
q 30 13 10.58
q 30 14 29.86
q 30 15 56.42
q 30 16 36.42
q 30 17 -77.03
q 30 18 -50.96
q 30 19 -23.29
q 30 20 -40.56
q 30 21 -49.01
q 30 22 -38.4
q 30 23 -46.22
q 30 24 -70.02
q 30 25 -10.96
q 30 26 -78.71
q 30 27 -8.94
q 30 28 -79.91
q 30 29 -16.6
q 30 30 -10.58
q 30 31 -29.86
q 30 32 -56.42
q 30 33 -36.42
q 31 0 56.38
q 31 1 25.07
q 31 2 53.97
q 31 3 62.04
q 31 4 58.29
q 31 5 65.86
q 31 6 72.1
q 31 7 64.71
q 31 8 7.22
q 31 9 75.27
q 31 10 1.1
q 31 11 32.74
q 31 12 12.62
q 31 13 65.49
q 31 14 15.97
q 31 15 39.34
q 31 16 18.62
q 31 17 -56.38
q 31 18 -25.07
q 31 19 -53.97
q 31 20 -62.04
q 31 21 -58.29
q 31 22 -65.86
q 31 23 -72.1
q 31 24 -64.71
q 31 25 -7.22
q 31 26 -75.27
q 31 27 -1.1
q 31 28 -32.74
q 31 29 -12.62
q 31 30 -65.49
q 31 31 -15.97
q 31 32 -39.34
q 31 33 -18.62
q 32 0 35.14
q 32 1 64.08
q 32 2 76.82
q 32 3 62.66
q 32 4 50.89
q 32 5 71.39
q 32 6 6.4
q 32 7 60.13
q 32 8 46.98
q 32 9 60.74
q 32 10 22.67
q 32 11 51.58
q 32 12 13.34
q 32 13 7.75
q 32 14 60.98
q 32 15 53.63
q 32 16 15.48
q 32 17 -35.14
q 32 18 -64.08
q 32 19 -76.82
q 32 20 -62.66
q 32 21 -50.89
q 32 22 -71.39
q 32 23 -6.4
q 32 24 -60.13
q 32 25 -46.98
q 32 26 -60.74
q 32 27 -22.67
q 32 28 -51.58
q 32 29 -13.34
q 32 30 -7.75
q 32 31 -60.98
q 32 32 -53.63
q 32 33 -15.48
q 33 0 51.78
q 33 1 45.23
q 33 2 23.38
q 33 3 14.62
q 33 4 48.7
q 33 5 17.68
q 33 6 25.64
q 33 7 74.26
q 33 8 38.47
q 33 9 4.84
q 33 10 79.08
q 33 11 39.12
q 33 12 42.19
q 33 13 42.1
q 33 14 40.07
q 33 15 47.01
q 33 16 3.63
q 33 17 -51.78
q 33 18 -45.23
q 33 19 -23.38
q 33 20 -14.62
q 33 21 -48.7
q 33 22 -17.68
q 33 23 -25.64
q 33 24 -74.26
q 33 25 -38.47
q 33 26 -4.84
q 33 27 -79.08
q 33 28 -39.12
q 33 29 -42.19
q 33 30 -42.1
q 33 31 -40.07
q 33 32 -47.01
q 33 33 -3.63
q 34 0 29.26
q 34 1 60.57
q 34 2 24.96
q 34 3 30.32
q 34 4 0.9
q 34 5 40.01
q 34 6 33.95
q 34 7 53.72
q 34 8 66.85
q 34 9 2.23
q 34 10 55.13
q 34 11 61.72
q 34 12 61.6
q 34 13 0.97
q 34 14 73.12
q 34 15 25.74
q 34 16 68.5
q 34 17 -29.26
q 34 18 -60.57
q 34 19 -24.96
q 34 20 -30.32
q 34 21 -0.9
q 34 22 -40.01
q 34 23 -33.95
q 34 24 -53.72
q 34 25 -66.85
q 34 26 -2.23
q 34 27 -55.13
q 34 28 -61.72
q 34 29 -61.6
q 34 30 -0.97
q 34 31 -73.12
q 34 32 -25.74
q 34 33 -68.5
q 52 0 35.8
q 52 1 86.33
q 52 2 84.94
q 52 3 92.4
q 52 4 55.43
q 52 5 28.96
q 52 6 86.01
q 52 7 48.84
q 52 8 56.41
q 52 9 88.18
q 52 10 59.13
q 52 11 55.54
q 52 12 24.78
q 52 13 91.66
q 52 14 97.24
q 52 15 50.87
q 52 16 89.75
q 52 17 -8.76
q 52 18 -18.77
q 52 19 -14.28
q 52 20 -4.89
q 52 21 -8.26
q 52 22 -9.49
q 52 23 -7.95
q 52 24 -9.56
q 52 25 -13.64
q 52 26 -10.26
q 52 27 -12.12
q 52 28 -6.92
q 52 29 -7.01
q 52 30 -4.13
q 52 31 -6.33
q 52 32 -6.84
q 52 33 -3.52
q 53 0 88.18
q 53 1 60.88
q 53 2 32.98
q 53 3 67.48
q 53 4 29.83
q 53 5 50.79
q 53 6 54
q 53 7 70.04
q 53 8 21.99
q 53 9 25.57
q 53 10 83.58
q 53 11 53.09
q 53 12 63.04
q 53 13 42.38
q 53 14 39.47
q 53 15 53.86
q 53 16 72.15
q 53 17 -13.5
q 53 18 -11.31
q 53 19 -13.92
q 53 20 -2.18
q 53 21 -13.64
q 53 22 -16.68
q 53 23 -18.44
q 53 24 -13.87
q 53 25 -9.16
q 53 26 -3.78
q 53 27 -17.32
q 53 28 -14.73
q 53 29 -3.36
q 53 30 -5.73
q 53 31 -17.11
q 53 32 -1.46
q 53 33 -6.61
q 54 0 22.53
q 54 1 39.42
q 54 2 55.41
q 54 3 48.52
q 54 4 94.09
q 54 5 60.7
q 54 6 89.42
q 54 7 92.34
q 54 8 55.74
q 54 9 67.34
q 54 10 26.66
q 54 11 97.18
q 54 12 91.26
q 54 13 23.76
q 54 14 39.82
q 54 15 90.88
q 54 16 88.77
q 54 17 -1.58
q 54 18 -18.86
q 54 19 -10.42
q 54 20 -9.11
q 54 21 -8.39
q 54 22 -10.83
q 54 23 -10.86
q 54 24 -16.43
q 54 25 -9.04
q 54 26 -7.22
q 54 27 -19.4
q 54 28 -12.32
q 54 29 -4.56
q 54 30 -4.61
q 54 31 -4.44
q 54 32 -2.56
q 54 33 -18.74
q 55 0 28.02
q 55 1 99.44
q 55 2 31.28
q 55 3 67.18
q 55 4 50.81
q 55 5 50.44
q 55 6 71.48
q 55 7 84.19
q 55 8 73.65
q 55 9 28.12
q 55 10 53.41
q 55 11 90.86
q 55 12 45.89
q 55 13 51.99
q 55 14 88.2
q 55 15 80.38
q 55 16 42.36
q 55 17 -13.73
q 55 18 -2.31
q 55 19 -12.5
q 55 20 -5.8
q 55 21 -11.42
q 55 22 -17.1
q 55 23 -7.46
q 55 24 -4.65
q 55 25 -19.75
q 55 26 -12.1
q 55 27 -14.91
q 55 28 -7.97
q 55 29 -18.39
q 55 30 -18.53
q 55 31 -15.37
q 55 32 -12.8
q 55 33 -9.35
q 56 0 69.49
q 56 1 76.45
q 56 2 61.36
q 56 3 50.55
q 56 4 25.05
q 56 5 32.41
q 56 6 53.05
q 56 7 47
q 56 8 22.54
q 56 9 66.57
q 56 10 53.29
q 56 11 27.48
q 56 12 38.41
q 56 13 73.97
q 56 14 46.48
q 56 15 97.86
q 56 16 40.33
q 56 17 -15
q 56 18 -19.83
q 56 19 -18.06
q 56 20 -15.56
q 56 21 -17.1
q 56 22 -7.88
q 56 23 -12.1
q 56 24 -5.84
q 56 25 -8.54
q 56 26 -15.3
q 56 27 -1.63
q 56 28 -7.68
q 56 29 -2.1
q 56 30 -13.86
q 56 31 -6.5
q 56 32 -18.42
q 56 33 -9.67
q 57 0 76.73
q 57 1 51.46
q 57 2 43.79
q 57 3 73
q 57 4 24.73
q 57 5 88.84
q 57 6 83.15
q 57 7 32.31
q 57 8 75.37
q 57 9 39.01
q 57 10 80.91
q 57 11 34.25
q 57 12 61.52
q 57 13 88.45
q 57 14 78.4
q 57 15 73.29
q 57 16 45.42
q 57 17 -19.89
q 57 18 -0.18
q 57 19 -16.77
q 57 20 -14.05
q 57 21 -1.37
q 57 22 -2.93
q 57 23 -16.02
q 57 24 -1.97
q 57 25 -13.95
q 57 26 -17.43
q 57 27 -2.75
q 57 28 -16.28
q 57 29 -3.19
q 57 30 -19.36
q 57 31 -19.31
q 57 32 -7
q 57 33 -18.31
q 58 0 21.51
q 58 1 76.57
q 58 2 60.6
q 58 3 77.02
q 58 4 82.67
q 58 5 44.94
q 58 6 65.57
q 58 7 61.01
q 58 8 40.58
q 58 9 24.8
q 58 10 91.85
q 58 11 20.7
q 58 12 78.02
q 58 13 70.06
q 58 14 83.83
q 58 15 64.5
q 58 16 74.5
q 58 17 -7.72
q 58 18 -2.69
q 58 19 -15.19
q 58 20 -9.3
q 58 21 -1.99
q 58 22 -19.37
q 58 23 -2.44
q 58 24 -8.14
q 58 25 -0.39
q 58 26 -15.57
q 58 27 -1.83
q 58 28 -0.09
q 58 29 -1.32
q 58 30 -11.32
q 58 31 -6.87
q 58 32 -5.95
q 58 33 -19.82
q 59 0 63.41
q 59 1 70.61
q 59 2 68.58
q 59 3 40.37
q 59 4 35.4
q 59 5 87.55
q 59 6 24.1
q 59 7 58.59
q 59 8 23.67
q 59 9 31.53
q 59 10 39.02
q 59 11 45.99
q 59 12 97.49
q 59 13 53.82
q 59 14 92.24
q 59 15 47.44
q 59 16 25.57
q 59 17 -18.32
q 59 18 -2.28
q 59 19 -11.99
q 59 20 -13.24
q 59 21 -14.74
q 59 22 -9.57
q 59 23 -2.89
q 59 24 -12.4
q 59 25 -11.84
q 59 26 -11.1
q 59 27 -3.8
q 59 28 -2.98
q 59 29 -19.52
q 59 30 -2.54
q 59 31 -10.15
q 59 32 -8.89
q 59 33 -0.95
q 60 0 47.31
q 60 1 73.4
q 60 2 29.01
q 60 3 63.62
q 60 4 23.63
q 60 5 27.56
q 60 6 21.35
q 60 7 52.35
q 60 8 26.93
q 60 9 24.13
q 60 10 38.32
q 60 11 88.09
q 60 12 67.69
q 60 13 48.39
q 60 14 93.5
q 60 15 71.59
q 60 16 60.8
q 60 17 -18.46
q 60 18 -6.27
q 60 19 -17.45
q 60 20 -4.75
q 60 21 -11.72
q 60 22 -3.37
q 60 23 -13.61
q 60 24 -11
q 60 25 -8.89
q 60 26 -10.23
q 60 27 -14.45
q 60 28 -11.81
q 60 29 -4.13
q 60 30 -12.26
q 60 31 -0.07
q 60 32 -15.75
q 60 33 -7.94
q 61 0 39.09
q 61 1 86.53
q 61 2 58.61
q 61 3 43.3
q 61 4 93.34
q 61 5 99.87
q 61 6 65.34
q 61 7 99.26
q 61 8 59.96
q 61 9 95.88
q 61 10 29.34
q 61 11 71.47
q 61 12 54.4
q 61 13 32.76
q 61 14 90.56
q 61 15 34.64
q 61 16 83.67
q 61 17 -19.22
q 61 18 -16.3
q 61 19 -7.97
q 61 20 -8.96
q 61 21 -4.68
q 61 22 -7.05
q 61 23 -15.95
q 61 24 -1.19
q 61 25 -1.42
q 61 26 -9.53
q 61 27 -16.3
q 61 28 -11.7
q 61 29 -0.04
q 61 30 -8.67
q 61 31 -6.25
q 61 32 -9.67
q 61 33 -2.72
q 62 0 80.92
q 62 1 46.48
q 62 2 34.13
q 62 3 80.83
q 62 4 69.7
q 62 5 51.41
q 62 6 54.34
q 62 7 69.79
q 62 8 74.71
q 62 9 64.67
q 62 10 73.9
q 62 11 86.93
q 62 12 93
q 62 13 28.2
q 62 14 40.81
q 62 15 72.98
q 62 16 85.58
q 62 17 -2.34
q 62 18 -9.67
q 62 19 -2.52
q 62 20 -0.27
q 62 21 -17.25
q 62 22 -19.09
q 62 23 -15.44
q 62 24 -7.69
q 62 25 -17.51
q 62 26 -11.73
q 62 27 -2.97
q 62 28 -8.44
q 62 29 -8.93
q 62 30 -18.8
q 62 31 -11.46
q 62 32 -18.73
q 62 33 -19.18
q 63 0 86.25
q 63 1 74.65
q 63 2 94.68
q 63 3 71.19
q 63 4 53.84
q 63 5 56.55
q 63 6 98.73
q 63 7 83.12
q 63 8 53.1
q 63 9 88.44
q 63 10 81.98
q 63 11 82.31
q 63 12 36.25
q 63 13 46.12
q 63 14 41.49
q 63 15 97.41
q 63 16 59.65
q 63 17 -16.45
q 63 18 -18.18
q 63 19 -14.7
q 63 20 -18.52
q 63 21 -16.23
q 63 22 -1.33
q 63 23 -4.68
q 63 24 -9.25
q 63 25 -8.96
q 63 26 -5.62
q 63 27 -7.25
q 63 28 -12.06
q 63 29 -5.17
q 63 30 -15.81
q 63 31 -9.94
q 63 32 -1.51
q 63 33 -5.3
q 64 0 55.39
q 64 1 69.94
q 64 2 99.71
q 64 3 96.55
q 64 4 53.71
q 64 5 68.61
q 64 6 92.36
q 64 7 57.97
q 64 8 95.49
q 64 9 27.92
q 64 10 54.89
q 64 11 45.43
q 64 12 94.18
q 64 13 79.44
q 64 14 24.11
q 64 15 70.13
q 64 16 56.98
q 64 17 -16.36
q 64 18 -12.04
q 64 19 -13.71
q 64 20 -5.16
q 64 21 -5.76
q 64 22 -12.57
q 64 23 -9.64
q 64 24 -6.38
q 64 25 -9.44
q 64 26 -19.11
q 64 27 -16.97
q 64 28 -12.45
q 64 29 -13.82
q 64 30 -15.61
q 64 31 -9.27
q 64 32 -2.26
q 64 33 -6.31
q 65 0 82.23
q 65 1 57.5
q 65 2 56.4
q 65 3 47.03
q 65 4 38.01
q 65 5 97.31
q 65 6 50.06
q 65 7 83.74
q 65 8 84.85
q 65 9 31.71
q 65 10 92.23
q 65 11 86.78
q 65 12 88.96
q 65 13 87.43
q 65 14 66.48
q 65 15 74.53
q 65 16 70.84
q 65 17 -15.68
q 65 18 -8.95
q 65 19 -10.44
q 65 20 -0.99
q 65 21 -9.75
q 65 22 -13.36
q 65 23 -7.01
q 65 24 -18.23
q 65 25 -16.52
q 65 26 -1.84
q 65 27 -14.38
q 65 28 -8.44
q 65 29 -17.36
q 65 30 -15.47
q 65 31 -11.3
q 65 32 -7.02
q 65 33 -0.82
q 66 0 58.5
q 66 1 22.1
q 66 2 20.11
q 66 3 20.22
q 66 4 63.83
q 66 5 90.56
q 66 6 89.77
q 66 7 68.33
q 66 8 37.56
q 66 9 29.91
q 66 10 29.03
q 66 11 72.17
q 66 12 48.77
q 66 13 46.35
q 66 14 97.16
q 66 15 82.52
q 66 16 58
q 66 17 -15.26
q 66 18 -0.99
q 66 19 -9.65
q 66 20 -18.15
q 66 21 -5.91
q 66 22 -10.42
q 66 23 -6.71
q 66 24 -11.19
q 66 25 -9.7
q 66 26 -3.17
q 66 27 -13.54
q 66 28 -4.67
q 66 29 -12.16
q 66 30 -18.63
q 66 31 -2.57
q 66 32 -5.41
q 66 33 -12.65
q 67 0 99.89
q 67 1 41.13
q 67 2 32.12
q 67 3 39.25
q 67 4 38.94
q 67 5 94.87
q 67 6 55.21
q 67 7 56.03
q 67 8 74.03
q 67 9 22.1
q 67 10 33.89
q 67 11 83.72
q 67 12 54.9
q 67 13 51.98
q 67 14 83.85
q 67 15 58.39
q 67 16 86.41
q 67 17 -12.28
q 67 18 -15.53
q 67 19 -2.61
q 67 20 -16.84
q 67 21 -17.14
q 67 22 -12.31
q 67 23 -14.37
q 67 24 -6.15
q 67 25 -6.14
q 67 26 -19.84
q 67 27 -14.86
q 67 28 -3.91
q 67 29 -2.99
q 67 30 -4.25
q 67 31 -10.7
q 67 32 -17.42
q 67 33 -9.59
q 68 0 32.21
q 68 1 26.48
q 68 2 22.68
q 68 3 91.27
q 68 4 58.29
q 68 5 49.42
q 68 6 84.07
q 68 7 52.71
q 68 8 27.74
q 68 9 41.85
q 68 10 72.21
q 68 11 94.07
q 68 12 21.31
q 68 13 89.81
q 68 14 82.83
q 68 15 89.01
q 68 16 80.03
q 68 17 -13.99
q 68 18 -11.42
q 68 19 -17.14
q 68 20 -8.51
q 68 21 -17.14
q 68 22 -11.66
q 68 23 -12.68
q 68 24 -16.1
q 68 25 -4.43
q 68 26 -7.33
q 68 27 -3.35
q 68 28 -7.1
q 68 29 -17.3
q 68 30 -7.41
q 68 31 -18.36
q 68 32 -14.13
q 68 33 -0.69
q 69 0 20.82
q 69 1 91.55
q 69 2 34.15
q 69 3 65.88
q 69 4 25.43
q 69 5 87.51
q 69 6 52.06
q 69 7 88.59
q 69 8 47.34
q 69 9 90.68
q 69 10 77.57
q 69 11 42.51
q 69 12 96.64
q 69 13 88.15
q 69 14 73.89
q 69 15 21.9
q 69 16 35.4
q 69 17 -10.41
q 69 18 -17.73
q 69 19 -9.99
q 69 20 -0.05
q 69 21 -0.75
q 69 22 -3.48
q 69 23 -9.77
q 69 24 -4.81
q 69 25 -16.78
q 69 26 -8.1
q 69 27 -10.91
q 69 28 -14.57
q 69 29 -8.48
q 69 30 -12.56
q 69 31 -18.52
q 69 32 -2.63
q 69 33 -7.81
q 70 0 21.13
q 70 1 79.72
q 70 2 33.2
q 70 3 87.3
q 70 4 79.38
q 70 5 47.07
q 70 6 28.32
q 70 7 48.8
q 70 8 32.98
q 70 9 67.07
q 70 10 99.14
q 70 11 46.58
q 70 12 88.82
q 70 13 22.25
q 70 14 21.08
q 70 15 33.3
q 70 16 53.37
q 70 17 -11.03
q 70 18 -10.62
q 70 19 -3.87
q 70 20 -5.69
q 70 21 -19.12
q 70 22 -13.31
q 70 23 -4.02
q 70 24 -15.21
q 70 25 -3.72
q 70 26 -11.86
q 70 27 -4.93
q 70 28 -14.46
q 70 29 -16.56
q 70 30 -3.4
q 70 31 -0.22
q 70 32 -12.06
q 70 33 -2.59
q 71 0 86.81
q 71 1 22.17
q 71 2 21.15
q 71 3 82.3
q 71 4 48.2
q 71 5 75.83
q 71 6 81.54
q 71 7 66.39
q 71 8 84.84
q 71 9 52.85
q 71 10 72.41
q 71 11 63.25
q 71 12 74.93
q 71 13 25.63
q 71 14 75.34
q 71 15 91.82
q 71 16 73.83
q 71 17 -16.66
q 71 18 -8.07
q 71 19 -6.13
q 71 20 -15.35
q 71 21 -19.14
q 71 22 -18.19
q 71 23 -17.52
q 71 24 -1.98
q 71 25 -2.58
q 71 26 -8.89
q 71 27 -2.48
q 71 28 -13.47
q 71 29 -11.7
q 71 30 -14.3
q 71 31 -10.06
q 71 32 -4.59
q 71 33 -2.25
q 72 0 90.31
q 72 1 98.68
q 72 2 76.67
q 72 3 74.03
q 72 4 37.27
q 72 5 96.05
q 72 6 49.54
q 72 7 98.11
q 72 8 84.81
q 72 9 89.51
q 72 10 34.3
q 72 11 65.69
q 72 12 24.84
q 72 13 42.59
q 72 14 59.13
q 72 15 68.54
q 72 16 51.71
q 72 17 -1.72
q 72 18 -5.13
q 72 19 -10.04
q 72 20 -3.1
q 72 21 -2.64
q 72 22 -10.31
q 72 23 -8.91
q 72 24 -1.46
q 72 25 -18.9
q 72 26 -15.01
q 72 27 -1.86
q 72 28 -2.34
q 72 29 -16.76
q 72 30 -17.85
q 72 31 -8.4
q 72 32 -4.98
q 72 33 -16.9
