73 34
c 0 35 12
c 0 36 12
c 0 37 12
c 0 39 12
c 0 40 12
c 0 41 12
c 0 43 12
c 0 44 12
c 0 45 12
c 0 48 12
c 0 49 12
c 0 51 12
c 0 57 -32
c 0 60 -28
c 0 64 -38
c 0 67 -35
c 1 35 45
c 1 36 45
c 1 37 45
c 1 39 45
c 1 40 45
c 1 41 45
c 1 42 45
c 1 43 45
c 1 44 45
c 1 47 45
c 1 48 45
c 1 49 45
c 1 50 45
c 1 51 45
c 1 53 -1
c 1 54 2
c 1 56 4
c 1 61 5
c 1 65 -2
c 1 67 -2
c 1 70 5
c 1 72 -1
c 2 37 33
c 2 38 33
c 2 40 33
c 2 41 33
c 2 42 33
c 2 43 33
c 2 44 33
c 2 45 33
c 2 46 33
c 2 47 33
c 2 48 33
c 2 49 33
c 2 50 33
c 2 51 33
c 2 52 -10
c 2 54 -10
c 2 55 -7
c 2 56 -8
c 2 58 -14
c 2 59 -14
c 2 61 -7
c 2 62 -7
c 2 65 -14
c 2 66 -12
c 2 70 -7
c 2 72 -13
c 3 35 19
c 3 36 19
c 3 38 19
c 3 39 19
c 3 40 19
c 3 41 19
c 3 42 19
c 3 43 19
c 3 44 19
c 3 45 19
c 3 48 19
c 3 49 19
c 3 50 19
c 3 51 19
c 3 52 -24
c 3 53 -27
c 3 57 -25
c 3 59 -28
c 3 61 -21
c 3 65 -28
c 3 66 -26
c 3 67 -28
c 3 70 -21
c 3 71 -30
c 3 72 -27
c 4 35 26
c 4 36 26
c 4 37 26
c 4 38 26
c 4 40 26
c 4 41 26
c 4 42 26
c 4 43 26
c 4 44 26
c 4 45 26
c 4 46 26
c 4 47 26
c 4 49 26
c 4 50 26
c 4 51 26
c 4 55 -14
c 4 56 -15
c 4 58 -21
c 4 64 -24
c 4 65 -21
c 4 66 -19
c 4 67 -21
c 4 70 -14
c 4 71 -23
c 4 72 -20
c 5 35 17
c 5 36 17
c 5 37 17
c 5 39 17
c 5 40 17
c 5 41 17
c 5 42 17
c 5 44 17
c 5 46 17
c 5 47 17
c 5 48 17
c 5 50 17
c 5 51 17
c 5 55 -23
c 5 56 -24
c 5 57 -27
c 5 67 -30
c 5 70 -23
c 6 35 16
c 6 37 16
c 6 38 16
c 6 39 16
c 6 40 16
c 6 42 16
c 6 44 16
c 6 45 16
c 6 46 16
c 6 47 16
c 6 48 16
c 6 49 16
c 6 50 16
c 6 51 16
c 6 56 -25
c 6 58 -31
c 6 62 -24
c 6 66 -29
c 6 68 -31
c 6 71 -33
c 6 72 -30
c 7 35 42
c 7 36 42
c 7 38 42
c 7 40 42
c 7 41 42
c 7 42 42
c 7 43 42
c 7 44 42
c 7 45 42
c 7 47 42
c 7 48 42
c 7 49 42
c 7 50 42
c 7 51 42
c 7 53 -4
c 7 54 -1
c 7 56 1
c 7 58 -5
c 7 61 2
c 7 62 2
c 7 64 -8
c 8 37 41
c 8 38 41
c 8 39 41
c 8 40 41
c 8 41 41
c 8 42 41
c 8 43 41
c 8 44 41
c 8 45 41
c 8 47 41
c 8 48 41
c 8 49 41
c 8 50 41
c 8 52 -2
c 8 54 -2
c 8 57 -3
c 8 70 1
c 8 71 -8
c 8 72 -5
c 9 36 46
c 9 38 46
c 9 39 46
c 9 41 46
c 9 42 46
c 9 44 46
c 9 46 46
c 9 47 46
c 9 48 46
c 9 49 46
c 9 50 46
c 9 51 46
c 9 58 -1
c 9 67 -1
c 9 68 -1
c 10 35 39
c 10 38 39
c 10 40 39
c 10 41 39
c 10 42 39
c 10 43 39
c 10 44 39
c 10 46 39
c 10 48 39
c 10 49 39
c 10 50 39
c 10 51 39
c 10 53 -7
c 10 56 -2
c 10 62 -1
c 10 64 -11
c 10 67 -8
c 10 71 -10
c 10 72 -7
c 11 36 16
c 11 38 16
c 11 39 16
c 11 40 16
c 11 41 16
c 11 42 16
c 11 44 16
c 11 45 16
c 11 46 16
c 11 47 16
c 11 48 16
c 11 52 -27
c 11 57 -28
c 11 58 -31
c 11 59 -31
c 11 60 -24
c 11 63 -34
c 11 65 -31
c 11 68 -31
c 11 71 -33
c 12 35 44
c 12 37 44
c 12 38 44
c 12 39 44
c 12 42 44
c 12 43 44
c 12 44 44
c 12 45 44
c 12 46 44
c 12 47 44
c 12 50 44
c 12 51 44
c 12 52 1
c 12 54 1
c 12 59 -3
c 12 60 4
c 12 63 -6
c 12 68 -3
c 12 70 4
c 12 71 -5
c 13 35 39
c 13 36 39
c 13 37 39
c 13 38 39
c 13 39 39
c 13 40 39
c 13 41 39
c 13 42 39
c 13 43 39
c 13 44 39
c 13 45 39
c 13 47 39
c 13 48 39
c 13 49 39
c 13 50 39
c 13 51 39
c 13 53 -7
c 13 56 -2
c 13 57 -5
c 13 66 -6
c 13 68 -8
c 13 69 -3
c 13 71 -10
c 14 35 36
c 14 36 36
c 14 37 36
c 14 38 36
c 14 39 36
c 14 40 36
c 14 41 36
c 14 43 36
c 14 44 36
c 14 45 36
c 14 46 36
c 14 47 36
c 14 48 36
c 14 50 36
c 14 52 -7
c 14 55 -4
c 14 59 -11
c 14 61 -4
c 14 67 -11
c 14 68 -11
c 14 71 -13
c 14 72 -10
c 15 35 11
c 15 37 11
c 15 38 11
c 15 39 11
c 15 40 11
c 15 41 11
c 15 42 11
c 15 43 11
c 15 44 11
c 15 45 11
c 15 46 11
c 15 48 11
c 15 49 11
c 15 50 11
c 15 53 -35
c 15 54 -32
c 15 59 -36
c 15 65 -36
c 15 67 -36
c 15 68 -36
c 16 36 41
c 16 37 41
c 16 39 41
c 16 40 41
c 16 41 41
c 16 44 41
c 16 45 41
c 16 46 41
c 16 48 41
c 16 49 41
c 16 50 41
c 16 52 -2
c 16 55 1
c 16 64 -9
c 16 65 -6
c 16 66 -4
c 16 68 -6
c 16 71 -8
c 17 35 12
c 17 36 12
c 17 37 12
c 17 38 12
c 17 39 12
c 17 40 12
c 17 41 12
c 17 42 12
c 17 43 12
c 17 44 12
c 17 45 12
c 17 47 12
c 17 48 12
c 17 49 12
c 17 50 12
c 17 51 12
c 17 53 -34
c 17 55 -28
c 17 56 -29
c 17 57 -32
c 17 61 -28
c 17 63 -38
c 17 65 -35
c 17 67 -35
c 17 68 -35
c 17 69 -30
c 17 71 -37
c 18 35 36
c 18 36 36
c 18 37 36
c 18 38 36
c 18 40 36
c 18 41 36
c 18 42 36
c 18 43 36
c 18 44 36
c 18 47 36
c 18 48 36
c 18 50 36
c 18 51 36
c 18 52 -7
c 18 57 -8
c 18 58 -11
c 18 60 -4
c 18 64 -14
c 18 66 -9
c 18 67 -11
c 18 70 -4
c 18 72 -10
c 19 35 13
c 19 36 13
c 19 38 13
c 19 39 13
c 19 40 13
c 19 41 13
c 19 42 13
c 19 43 13
c 19 44 13
c 19 45 13
c 19 46 13
c 19 47 13
c 19 49 13
c 19 50 13
c 19 51 13
c 19 53 -33
c 19 56 -28
c 19 57 -31
c 19 58 -34
c 19 60 -27
c 19 62 -27
c 19 63 -37
c 19 64 -37
c 19 67 -34
c 19 69 -29
c 20 35 37
c 20 37 37
c 20 38 37
c 20 39 37
c 20 40 37
c 20 41 37
c 20 42 37
c 20 43 37
c 20 44 37
c 20 45 37
c 20 46 37
c 20 49 37
c 20 50 37
c 20 51 37
c 20 54 -6
c 20 59 -10
c 20 60 -3
c 20 65 -10
c 20 66 -8
c 20 69 -5
c 21 35 15
c 21 36 15
c 21 37 15
c 21 38 15
c 21 40 15
c 21 41 15
c 21 42 15
c 21 43 15
c 21 45 15
c 21 46 15
c 21 47 15
c 21 48 15
c 21 49 15
c 21 50 15
c 21 51 15
c 21 52 -28
c 21 55 -25
c 21 56 -26
c 21 60 -25
c 21 62 -25
c 21 67 -32
c 21 69 -27
c 21 70 -25
c 22 35 24
c 22 36 24
c 22 37 24
c 22 38 24
c 22 39 24
c 22 41 24
c 22 42 24
c 22 43 24
c 22 44 24
c 22 45 24
c 22 46 24
c 22 49 24
c 22 51 24
c 22 52 -19
c 22 53 -22
c 22 54 -19
c 22 57 -20
c 22 61 -16
c 22 62 -16
c 22 63 -26
c 22 65 -23
c 22 68 -23
c 22 72 -22
c 23 35 10
c 23 36 10
c 23 37 10
c 23 38 10
c 23 41 10
c 23 42 10
c 23 43 10
c 23 45 10
c 23 47 10
c 23 48 10
c 23 50 10
c 23 51 10
c 23 52 -33
c 23 53 -36
c 23 55 -30
c 23 56 -31
c 23 59 -37
c 23 60 -30
c 23 61 -30
c 23 63 -40
c 23 65 -37
c 23 67 -37
c 23 70 -30
c 24 35 28
c 24 36 28
c 24 37 28
c 24 38 28
c 24 39 28
c 24 40 28
c 24 42 28
c 24 44 28
c 24 45 28
c 24 46 28
c 24 48 28
c 24 49 28
c 24 50 28
c 24 53 -18
c 24 54 -15
c 24 56 -13
c 24 59 -19
c 24 60 -12
c 24 63 -22
c 24 66 -17
c 24 67 -19
c 24 68 -19
c 24 71 -21
c 24 72 -18
c 25 35 22
c 25 36 22
c 25 38 22
c 25 39 22
c 25 40 22
c 25 41 22
c 25 42 22
c 25 43 22
c 25 44 22
c 25 46 22
c 25 47 22
c 25 49 22
c 25 50 22
c 25 51 22
c 25 52 -21
c 25 58 -25
c 25 59 -25
c 25 62 -18
c 25 64 -28
c 25 65 -25
c 25 66 -23
c 25 70 -18
c 25 71 -27
c 26 35 43
c 26 36 43
c 26 37 43
c 26 38 43
c 26 39 43
c 26 40 43
c 26 41 43
c 26 42 43
c 26 43 43
c 26 45 43
c 26 46 43
c 26 48 43
c 26 49 43
c 26 50 43
c 26 56 2
c 26 60 3
c 26 66 -2
c 26 70 3
c 27 35 11
c 27 36 11
c 27 37 11
c 27 38 11
c 27 39 11
c 27 40 11
c 27 41 11
c 27 44 11
c 27 45 11
c 27 46 11
c 27 47 11
c 27 48 11
c 27 49 11
c 27 50 11
c 27 51 11
c 27 54 -32
c 27 59 -36
c 27 61 -29
c 27 62 -29
c 27 64 -39
c 27 65 -36
c 27 66 -34
c 27 67 -36
c 27 71 -38
c 27 72 -35
c 28 35 26
c 28 36 26
c 28 37 26
c 28 39 26
c 28 40 26
c 28 41 26
c 28 42 26
c 28 44 26
c 28 45 26
c 28 46 26
c 28 48 26
c 28 49 26
c 28 50 26
c 28 51 26
c 28 52 -17
c 28 54 -17
c 28 58 -21
c 28 65 -21
c 28 66 -19
c 28 68 -21
c 28 69 -16
c 28 71 -23
c 29 35 49
c 29 36 49
c 29 37 49
c 29 38 49
c 29 39 49
c 29 40 49
c 29 41 49
c 29 42 49
c 29 43 49
c 29 44 49
c 29 46 49
c 29 47 49
c 29 48 49
c 29 49 49
c 29 50 49
c 29 51 49
c 29 56 8
c 29 60 9
c 29 61 9
c 29 62 9
c 29 63 -1
c 29 64 -1
c 29 65 2
c 30 35 12
c 30 36 12
c 30 37 12
c 30 38 12
c 30 39 12
c 30 40 12
c 30 41 12
c 30 42 12
c 30 45 12
c 30 46 12
c 30 47 12
c 30 49 12
c 30 50 12
c 30 51 12
c 30 52 -31
c 30 53 -34
c 30 54 -31
c 30 55 -28
c 30 61 -28
c 30 63 -38
c 30 66 -33
c 30 70 -28
c 30 71 -37
c 30 72 -34
c 31 35 46
c 31 36 46
c 31 37 46
c 31 38 46
c 31 39 46
c 31 41 46
c 31 42 46
c 31 43 46
c 31 44 46
c 31 45 46
c 31 46 46
c 31 47 46
c 31 48 46
c 31 49 46
c 31 50 46
c 31 51 46
c 31 59 -1
c 31 60 6
c 31 62 6
c 31 64 -4
c 31 65 -1
c 31 66 1
c 31 67 -1
c 31 69 4
c 31 70 6
c 32 35 50
c 32 36 50
c 32 37 50
c 32 38 50
c 32 39 50
c 32 41 50
c 32 44 50
c 32 45 50
c 32 46 50
c 32 47 50
c 32 48 50
c 32 49 50
c 32 50 50
c 32 51 50
c 32 52 7
c 32 58 3
c 32 59 3
c 32 62 10
c 32 67 3
c 32 70 10
c 32 71 1
c 33 35 17
c 33 36 17
c 33 37 17
c 33 38 17
c 33 39 17
c 33 40 17
c 33 41 17
c 33 42 17
c 33 43 17
c 33 45 17
c 33 46 17
c 33 48 17
c 33 50 17
c 33 51 17
c 33 55 -23
c 33 56 -24
c 33 59 -30
c 33 60 -23
c 33 64 -33
c 33 67 -30
c 33 68 -30
c 33 70 -23
c 33 71 -32
c 33 72 -29
c 34 38 23
c 34 39 23
c 34 40 23
c 34 41 23
c 34 42 23
c 34 43 23
c 34 44 23
c 34 45 23
c 34 46 23
c 34 47 23
c 34 48 23
c 34 49 23
c 34 50 23
c 34 51 23
c 34 52 -20
c 34 53 -23
c 34 54 -20
c 34 56 -18
c 34 57 -21
c 34 58 -24
c 34 59 -24
c 35 52 -43
c 35 53 -46
c 35 54 -43
c 35 55 -40
c 35 56 -41
c 35 57 -44
c 35 58 -47
c 35 61 -40
c 35 62 -40
c 35 63 -50
c 35 64 -50
c 35 65 -47
c 35 67 -47
c 35 68 -47
c 35 69 -42
c 36 52 -43
c 36 53 -46
c 36 58 -47
c 36 59 -47
c 36 60 -40
c 36 61 -40
c 36 62 -40
c 36 63 -50
c 36 64 -50
c 36 65 -47
c 36 66 -45
c 36 67 -47
c 36 70 -40
c 36 72 -46
c 37 53 -46
c 37 54 -43
c 37 56 -41
c 37 57 -44
c 37 58 -47
c 37 59 -47
c 37 60 -40
c 37 62 -40
c 37 64 -50
c 37 65 -47
c 37 66 -45
c 37 67 -47
c 37 68 -47
c 37 69 -42
c 37 70 -40
c 37 71 -49
c 37 72 -46
c 38 52 -43
c 38 54 -43
c 38 55 -40
c 38 57 -44
c 38 58 -47
c 38 59 -47
c 38 61 -40
c 38 64 -50
c 38 65 -47
c 38 66 -45
c 38 67 -47
c 38 68 -47
c 38 69 -42
c 38 70 -40
c 38 72 -46
c 39 54 -43
c 39 55 -40
c 39 56 -41
c 39 57 -44
c 39 58 -47
c 39 59 -47
c 39 60 -40
c 39 61 -40
c 39 64 -50
c 39 65 -47
c 39 67 -47
c 39 68 -47
c 39 69 -42
c 39 71 -49
c 39 72 -46
c 40 52 -43
c 40 53 -46
c 40 55 -40
c 40 56 -41
c 40 57 -44
c 40 59 -47
c 40 61 -40
c 40 62 -40
c 40 63 -50
c 40 64 -50
c 40 65 -47
c 40 66 -45
c 40 67 -47
c 40 68 -47
c 40 69 -42
c 40 70 -40
c 40 71 -49
c 41 52 -43
c 41 53 -46
c 41 55 -40
c 41 56 -41
c 41 57 -44
c 41 58 -47
c 41 59 -47
c 41 61 -40
c 41 62 -40
c 41 63 -50
c 41 64 -50
c 41 65 -47
c 41 67 -47
c 41 68 -47
c 41 69 -42
c 41 70 -40
c 41 71 -49
c 41 72 -46
c 42 52 -43
c 42 53 -46
c 42 54 -43
c 42 55 -40
c 42 56 -41
c 42 57 -44
c 42 58 -47
c 42 60 -40
c 42 61 -40
c 42 62 -40
c 42 63 -50
c 42 64 -50
c 42 65 -47
c 42 66 -45
c 42 67 -47
c 42 68 -47
c 42 69 -42
c 42 70 -40
c 42 71 -49
c 42 72 -46
c 43 52 -43
c 43 53 -46
c 43 54 -43
c 43 55 -40
c 43 56 -41
c 43 57 -44
c 43 58 -47
c 43 59 -47
c 43 60 -40
c 43 61 -40
c 43 62 -40
c 43 63 -50
c 43 64 -50
c 43 65 -47
c 43 66 -45
c 43 68 -47
c 43 70 -40
c 43 71 -49
c 44 52 -43
c 44 54 -43
c 44 55 -40
c 44 56 -41
c 44 57 -44
c 44 58 -47
c 44 59 -47
c 44 60 -40
c 44 61 -40
c 44 62 -40
c 44 65 -47
c 44 66 -45
c 44 67 -47
c 44 68 -47
c 44 69 -42
c 44 70 -40
c 44 71 -49
c 45 53 -46
c 45 54 -43
c 45 55 -40
c 45 56 -41
c 45 58 -47
c 45 59 -47
c 45 60 -40
c 45 61 -40
c 45 62 -40
c 45 63 -50
c 45 64 -50
c 45 65 -47
c 45 66 -45
c 45 67 -47
c 45 68 -47
c 45 69 -42
c 45 70 -40
c 45 71 -49
c 46 52 -43
c 46 54 -43
c 46 55 -40
c 46 56 -41
c 46 57 -44
c 46 58 -47
c 46 59 -47
c 46 60 -40
c 46 61 -40
c 46 62 -40
c 46 64 -50
c 46 65 -47
c 46 67 -47
c 46 68 -47
c 46 69 -42
c 46 70 -40
c 46 71 -49
c 46 72 -46
c 47 52 -43
c 47 53 -46
c 47 55 -40
c 47 57 -44
c 47 58 -47
c 47 59 -47
c 47 60 -40
c 47 61 -40
c 47 62 -40
c 47 63 -50
c 47 64 -50
c 47 65 -47
c 47 68 -47
c 47 69 -42
c 47 70 -40
c 47 71 -49
c 47 72 -46
c 48 52 -43
c 48 54 -43
c 48 55 -40
c 48 56 -41
c 48 57 -44
c 48 58 -47
c 48 59 -47
c 48 60 -40
c 48 63 -50
c 48 64 -50
c 48 65 -47
c 48 66 -45
c 48 67 -47
c 48 68 -47
c 48 69 -42
c 48 70 -40
c 48 72 -46
c 49 52 -43
c 49 53 -46
c 49 54 -43
c 49 55 -40
c 49 56 -41
c 49 57 -44
c 49 58 -47
c 49 59 -47
c 49 60 -40
c 49 61 -40
c 49 63 -50
c 49 64 -50
c 49 65 -47
c 49 66 -45
c 49 67 -47
c 49 69 -42
c 49 70 -40
c 49 72 -46
c 50 53 -46
c 50 54 -43
c 50 55 -40
c 50 58 -47
c 50 60 -40
c 50 61 -40
c 50 62 -40
c 50 64 -50
c 50 66 -45
c 50 67 -47
c 50 68 -47
c 50 69 -42
c 50 70 -40
c 50 71 -49
c 50 72 -46
c 51 53 -46
c 51 54 -43
c 51 56 -41
c 51 57 -44
c 51 59 -47
c 51 60 -40
c 51 61 -40
c 51 64 -50
c 51 65 -47
c 51 67 -47
c 51 69 -42
c 51 72 -46
bu 0 105
bu 1 295
bu 2 239
bu 3 202
bu 4 277
bu 5 14
bu 6 273
bu 7 19
bu 8 198
bu 9 24
bu 10 12
bu 11 213
bu 12 31
bu 13 81
bu 14 286
bu 15 72
bu 16 116
bu 17 22
bu 18 82
bu 19 100
bu 20 104
bu 21 128
bu 22 48
bu 23 40
bu 24 282
bu 25 77
bu 26 201
bu 27 143
bu 28 170
bu 29 97
bu 30 245
bu 31 285
bu 32 25
bu 33 154
bu 34 22
bu 35 62
bu 36 145
bu 37 172
bu 38 125
bu 39 84
bu 40 135
bu 41 116
bu 42 115
bu 43 62
bu 44 67
bu 45 177
bu 46 101
bu 47 103
bu 48 102
bu 49 175
bu 50 186
bu 51 115
bu 52 155
bu 53 195
bu 54 72
bu 55 86
bu 56 230
bu 57 76
bu 58 205
bu 59 81
bu 60 226
bu 61 164
bu 62 220
bu 63 111
bu 64 119
bu 65 239
bu 66 111
bu 67 50
bu 68 236
bu 69 73
bu 70 155
bu 71 288
bu 72 100
q 0 0 27.3
q 0 1 75.88
q 0 2 26.14
q 0 3 5.14
q 0 4 46.08
q 0 5 17.43
q 0 6 60.42
q 0 7 19.33
q 0 8 41.16
q 0 9 39.84
q 0 10 60.91
q 0 11 60.95
q 0 12 75.99
q 0 13 39.49
q 0 14 16.35
q 0 15 34.94
q 0 16 32.11
q 0 17 -27.3
q 0 18 -75.88
q 0 19 -26.14
q 0 20 -5.14
q 0 21 -46.08
q 0 22 -17.43
q 0 23 -60.42
q 0 24 -19.33
q 0 25 -41.16
q 0 26 -39.84
q 0 27 -60.91
q 0 28 -60.95
q 0 29 -75.99
q 0 30 -39.49
q 0 31 -16.35
q 0 32 -34.94
q 0 33 -32.11
q 1 0 14.14
q 1 1 59.59
q 1 2 44.63
q 1 3 39.2
q 1 4 64.25
q 1 5 38.05
q 1 6 10.56
q 1 7 41.47
q 1 8 0.73
q 1 9 19.97
q 1 10 1.44
q 1 11 44.52
q 1 12 8.2
q 1 13 47.8
q 1 14 62.27
q 1 15 73.2
q 1 16 46.79
q 1 17 -14.14
q 1 18 -59.59
q 1 19 -44.63
q 1 20 -39.2
q 1 21 -64.25
q 1 22 -38.05
q 1 23 -10.56
q 1 24 -41.47
q 1 25 -0.73
q 1 26 -19.97
q 1 27 -1.44
q 1 28 -44.52
q 1 29 -8.2
q 1 30 -47.8
q 1 31 -62.27
q 1 32 -73.2
q 1 33 -46.79
q 2 0 69.05
q 2 1 34.98
q 2 2 17.28
q 2 3 20.76
q 2 4 7.91
q 2 5 71.75
q 2 6 30.64
q 2 7 57.95
q 2 8 0.9
q 2 9 16.86
q 2 10 68.25
q 2 11 69.14
q 2 12 54.16
q 2 13 8.42
q 2 14 48.35
q 2 15 13.92
q 2 16 14.91
q 2 17 -69.05
q 2 18 -34.98
q 2 19 -17.28
q 2 20 -20.76
q 2 21 -7.91
q 2 22 -71.75
q 2 23 -30.64
q 2 24 -57.95
q 2 25 -0.9
q 2 26 -16.86
q 2 27 -68.25
q 2 28 -69.14
q 2 29 -54.16
q 2 30 -8.42
q 2 31 -48.35
q 2 32 -13.92
q 2 33 -14.91
q 3 0 25.27
q 3 1 14.19
q 3 2 30.48
q 3 3 64.81
q 3 4 28.13
q 3 5 49.08
q 3 6 15.95
q 3 7 56.62
q 3 8 79.61
q 3 9 0.41
q 3 10 75.75
q 3 11 60.54
q 3 12 7.12
q 3 13 34.83
q 3 14 61.86
q 3 15 33.32
q 3 16 22.54
q 3 17 -25.27
q 3 18 -14.19
q 3 19 -30.48
q 3 20 -64.81
q 3 21 -28.13
q 3 22 -49.08
q 3 23 -15.95
q 3 24 -56.62
q 3 25 -79.61
q 3 26 -0.41
q 3 27 -75.75
q 3 28 -60.54
q 3 29 -7.12
q 3 30 -34.83
q 3 31 -61.86
q 3 32 -33.32
q 3 33 -22.54
q 4 0 21.21
q 4 1 77.97
q 4 2 77.11
q 4 3 26.1
q 4 4 52.63
q 4 5 13.35
q 4 6 18.59
q 4 7 7.98
q 4 8 51.87
q 4 9 27.16
q 4 10 50.83
q 4 11 57.24
q 4 12 0.07
q 4 13 11.34
q 4 14 54.99
q 4 15 22.87
q 4 16 16.18
q 4 17 -21.21
q 4 18 -77.97
q 4 19 -77.11
q 4 20 -26.1
q 4 21 -52.63
q 4 22 -13.35
q 4 23 -18.59
q 4 24 -7.98
q 4 25 -51.87
q 4 26 -27.16
q 4 27 -50.83
q 4 28 -57.24
q 4 29 -0.07
q 4 30 -11.34
q 4 31 -54.99
q 4 32 -22.87
q 4 33 -16.18
q 5 0 27.02
q 5 1 7.88
q 5 2 7.57
q 5 3 51.89
q 5 4 49.24
q 5 5 31.07
q 5 6 2.65
q 5 7 76.75
q 5 8 63.36
q 5 9 52.31
q 5 10 15.6
q 5 11 18.29
q 5 12 50.12
q 5 13 68.99
q 5 14 74.67
q 5 15 30.21
q 5 16 52.2
q 5 17 -27.02
q 5 18 -7.88
q 5 19 -7.57
q 5 20 -51.89
q 5 21 -49.24
q 5 22 -31.07
q 5 23 -2.65
q 5 24 -76.75
q 5 25 -63.36
q 5 26 -52.31
q 5 27 -15.6
q 5 28 -18.29
q 5 29 -50.12
q 5 30 -68.99
q 5 31 -74.67
q 5 32 -30.21
q 5 33 -52.2
q 6 0 63.27
q 6 1 43.69
q 6 2 67.27
q 6 3 52.78
q 6 4 31.02
q 6 5 0.77
q 6 6 77.74
q 6 7 14.97
q 6 8 0.69
q 6 9 76.66
q 6 10 37.35
q 6 11 72.83
q 6 12 18
q 6 13 69.82
q 6 14 1.45
q 6 15 31.39
q 6 16 79.65
q 6 17 -63.27
q 6 18 -43.69
q 6 19 -67.27
q 6 20 -52.78
q 6 21 -31.02
q 6 22 -0.77
q 6 23 -77.74
q 6 24 -14.97
q 6 25 -0.69
q 6 26 -76.66
q 6 27 -37.35
q 6 28 -72.83
q 6 29 -18
q 6 30 -69.82
q 6 31 -1.45
q 6 32 -31.39
q 6 33 -79.65
q 7 0 28.22
q 7 1 33.7
q 7 2 68.96
q 7 3 10.34
q 7 4 32.84
q 7 5 50.31
q 7 6 45.42
q 7 7 47.13
q 7 8 9.61
q 7 9 19.9
q 7 10 50.75
q 7 11 11.55
q 7 12 17.74
q 7 13 64.48
q 7 14 7.08
q 7 15 60.94
q 7 16 50.86
q 7 17 -28.22
q 7 18 -33.7
q 7 19 -68.96
q 7 20 -10.34
q 7 21 -32.84
q 7 22 -50.31
q 7 23 -45.42
q 7 24 -47.13
q 7 25 -9.61
q 7 26 -19.9
q 7 27 -50.75
q 7 28 -11.55
q 7 29 -17.74
q 7 30 -64.48
q 7 31 -7.08
q 7 32 -60.94
q 7 33 -50.86
q 8 0 49.15
q 8 1 73.18
q 8 2 36.83
q 8 3 27.87
q 8 4 24.8
q 8 5 23.46
q 8 6 68.93
q 8 7 3.06
q 8 8 22.8
q 8 9 74.48
q 8 10 43.9
q 8 11 57.81
q 8 12 24.87
q 8 13 4.39
q 8 14 37.95
q 8 15 70.86
q 8 16 20.96
q 8 17 -49.15
q 8 18 -73.18
q 8 19 -36.83
q 8 20 -27.87
q 8 21 -24.8
q 8 22 -23.46
q 8 23 -68.93
q 8 24 -3.06
q 8 25 -22.8
q 8 26 -74.48
q 8 27 -43.9
q 8 28 -57.81
q 8 29 -24.87
q 8 30 -4.39
q 8 31 -37.95
q 8 32 -70.86
q 8 33 -20.96
q 9 0 67.6
q 9 1 70.56
q 9 2 11.9
q 9 3 65.54
q 9 4 3.59
q 9 5 45.24
q 9 6 67.64
q 9 7 38.83
q 9 8 12.13
q 9 9 23.09
q 9 10 45.43
q 9 11 67.63
q 9 12 73.53
q 9 13 1
q 9 14 11.25
q 9 15 24.08
q 9 16 12.02
q 9 17 -67.6
q 9 18 -70.56
q 9 19 -11.9
q 9 20 -65.54
q 9 21 -3.59
q 9 22 -45.24
q 9 23 -67.64
q 9 24 -38.83
q 9 25 -12.13
q 9 26 -23.09
q 9 27 -45.43
q 9 28 -67.63
q 9 29 -73.53
q 9 30 -1
q 9 31 -11.25
q 9 32 -24.08
q 9 33 -12.02
q 10 0 32.21
q 10 1 65.39
q 10 2 5.96
q 10 3 52.45
q 10 4 19.59
q 10 5 6.89
q 10 6 4.99
q 10 7 26.12
q 10 8 57.63
q 10 9 7.04
q 10 10 48.75
q 10 11 4.49
q 10 12 37.59
q 10 13 53.88
q 10 14 65.27
q 10 15 42.14
q 10 16 39.87
q 10 17 -32.21
q 10 18 -65.39
q 10 19 -5.96
q 10 20 -52.45
q 10 21 -19.59
q 10 22 -6.89
q 10 23 -4.99
q 10 24 -26.12
q 10 25 -57.63
q 10 26 -7.04
q 10 27 -48.75
q 10 28 -4.49
q 10 29 -37.59
q 10 30 -53.88
q 10 31 -65.27
q 10 32 -42.14
q 10 33 -39.87
q 11 0 64.71
q 11 1 78.82
q 11 2 78.87
q 11 3 70.61
q 11 4 66.66
q 11 5 1.15
q 11 6 11.06
q 11 7 7.57
q 11 8 59.38
q 11 9 18.88
q 11 10 21.89
q 11 11 26.68
q 11 12 55.82
q 11 13 47.34
q 11 14 7.89
q 11 15 30.91
q 11 16 52.99
q 11 17 -64.71
q 11 18 -78.82
q 11 19 -78.87
q 11 20 -70.61
q 11 21 -66.66
q 11 22 -1.15
q 11 23 -11.06
q 11 24 -7.57
q 11 25 -59.38
q 11 26 -18.88
q 11 27 -21.89
q 11 28 -26.68
q 11 29 -55.82
q 11 30 -47.34
q 11 31 -7.89
q 11 32 -30.91
q 11 33 -52.99
q 12 0 20.64
q 12 1 25.36
q 12 2 12.63
q 12 3 73.41
q 12 4 43.33
q 12 5 35.82
q 12 6 46.37
q 12 7 8.32
q 12 8 8.24
q 12 9 27.66
q 12 10 20.92
q 12 11 67.16
q 12 12 27.42
q 12 13 24.87
q 12 14 5.52
q 12 15 25.79
q 12 16 9.26
q 12 17 -20.64
q 12 18 -25.36
q 12 19 -12.63
q 12 20 -73.41
q 12 21 -43.33
q 12 22 -35.82
q 12 23 -46.37
q 12 24 -8.32
q 12 25 -8.24
q 12 26 -27.66
q 12 27 -20.92
q 12 28 -67.16
q 12 29 -27.42
q 12 30 -24.87
q 12 31 -5.52
q 12 32 -25.79
q 12 33 -9.26
q 13 0 78.97
q 13 1 7.62
q 13 2 11.73
q 13 3 15.58
q 13 4 52.4
q 13 5 0.14
q 13 6 62.61
q 13 7 1.72
q 13 8 19.42
q 13 9 68.74
q 13 10 30.71
q 13 11 3.49
q 13 12 71.44
q 13 13 68.34
q 13 14 16.76
q 13 15 13.85
q 13 16 19.22
q 13 17 -78.97
q 13 18 -7.62
q 13 19 -11.73
q 13 20 -15.58
q 13 21 -52.4
q 13 22 -0.14
q 13 23 -62.61
q 13 24 -1.72
q 13 25 -19.42
q 13 26 -68.74
q 13 27 -30.71
q 13 28 -3.49
q 13 29 -71.44
q 13 30 -68.34
q 13 31 -16.76
q 13 32 -13.85
q 13 33 -19.22
q 14 0 10.12
q 14 1 51.24
q 14 2 64.55
q 14 3 34.57
q 14 4 50.94
q 14 5 37.83
q 14 6 13.36
q 14 7 12.45
q 14 8 7.51
q 14 9 43.87
q 14 10 3
q 14 11 44.48
q 14 12 24.96
q 14 13 28.62
q 14 14 76.09
q 14 15 40.98
q 14 16 66.69
q 14 17 -10.12
q 14 18 -51.24
q 14 19 -64.55
q 14 20 -34.57
q 14 21 -50.94
q 14 22 -37.83
q 14 23 -13.36
q 14 24 -12.45
q 14 25 -7.51
q 14 26 -43.87
q 14 27 -3
q 14 28 -44.48
q 14 29 -24.96
q 14 30 -28.62
q 14 31 -76.09
q 14 32 -40.98
q 14 33 -66.69
q 15 0 53.49
q 15 1 40.76
q 15 2 48.93
q 15 3 50.5
q 15 4 45.79
q 15 5 29.18
q 15 6 52.96
q 15 7 19.64
q 15 8 22.9
q 15 9 67.84
q 15 10 26.57
q 15 11 69.66
q 15 12 14.92
q 15 13 61.9
q 15 14 50.06
q 15 15 71.39
q 15 16 48.74
q 15 17 -53.49
q 15 18 -40.76
q 15 19 -48.93
q 15 20 -50.5
q 15 21 -45.79
q 15 22 -29.18
q 15 23 -52.96
q 15 24 -19.64
q 15 25 -22.9
q 15 26 -67.84
q 15 27 -26.57
q 15 28 -69.66
q 15 29 -14.92
q 15 30 -61.9
q 15 31 -50.06
q 15 32 -71.39
q 15 33 -48.74
q 16 0 30.75
q 16 1 21.38
q 16 2 71.14
q 16 3 4.84
q 16 4 7.5
q 16 5 50.44
q 16 6 42.89
q 16 7 30.05
q 16 8 69.6
q 16 9 57.38
q 16 10 41.02
q 16 11 57.69
q 16 12 2.59
q 16 13 49.37
q 16 14 79.01
q 16 15 73.42
q 16 16 44.02
q 16 17 -30.75
q 16 18 -21.38
q 16 19 -71.14
q 16 20 -4.84
q 16 21 -7.5
q 16 22 -50.44
q 16 23 -42.89
q 16 24 -30.05
q 16 25 -69.6
q 16 26 -57.38
q 16 27 -41.02
q 16 28 -57.69
q 16 29 -2.59
q 16 30 -49.37
q 16 31 -79.01
q 16 32 -73.42
q 16 33 -44.02
q 17 0 21.62
q 17 1 40.3
q 17 2 46.26
q 17 3 65.67
q 17 4 57.08
q 17 5 66.78
q 17 6 63.71
q 17 7 29.32
q 17 8 2.05
q 17 9 22.01
q 17 10 26.38
q 17 11 4.55
q 17 12 13.48
q 17 13 57.35
q 17 14 18.16
q 17 15 58.97
q 17 16 68.66
q 17 17 -21.62
q 17 18 -40.3
q 17 19 -46.26
q 17 20 -65.67
q 17 21 -57.08
q 17 22 -66.78
q 17 23 -63.71
q 17 24 -29.32
q 17 25 -2.05
q 17 26 -22.01
q 17 27 -26.38
q 17 28 -4.55
q 17 29 -13.48
q 17 30 -57.35
q 17 31 -18.16
q 17 32 -58.97
q 17 33 -68.66
q 18 0 5.26
q 18 1 72.15
q 18 2 42.54
q 18 3 41.9
q 18 4 6.3
q 18 5 51.99
q 18 6 35.55
q 18 7 49.49
q 18 8 41.09
q 18 9 23.49
q 18 10 6.58
q 18 11 69.27
q 18 12 60.4
q 18 13 76.95
q 18 14 51.8
q 18 15 0.09
q 18 16 34.7
q 18 17 -5.26
q 18 18 -72.15
q 18 19 -42.54
q 18 20 -41.9
q 18 21 -6.3
q 18 22 -51.99
q 18 23 -35.55
q 18 24 -49.49
q 18 25 -41.09
q 18 26 -23.49
q 18 27 -6.58
q 18 28 -69.27
q 18 29 -60.4
q 18 30 -76.95
q 18 31 -51.8
q 18 32 -0.09
q 18 33 -34.7
q 19 0 20
q 19 1 45.37
q 19 2 67.44
q 19 3 24.84
q 19 4 10.05
q 19 5 75.08
q 19 6 73.3
q 19 7 10.78
q 19 8 62.02
q 19 9 3.84
q 19 10 60.68
q 19 11 63.78
q 19 12 7.69
q 19 13 52.42
q 19 14 47.87
q 19 15 63.58
q 19 16 9.41
q 19 17 -20
q 19 18 -45.37
q 19 19 -67.44
q 19 20 -24.84
q 19 21 -10.05
q 19 22 -75.08
q 19 23 -73.3
q 19 24 -10.78
q 19 25 -62.02
q 19 26 -3.84
q 19 27 -60.68
q 19 28 -63.78
q 19 29 -7.69
q 19 30 -52.42
q 19 31 -47.87
q 19 32 -63.58
q 19 33 -9.41
q 20 0 10.57
q 20 1 36.9
q 20 2 37.58
q 20 3 21.4
q 20 4 30.19
q 20 5 28.18
q 20 6 20.49
q 20 7 0.22
q 20 8 17.53
q 20 9 75.13
q 20 10 4.11
q 20 11 74.34
q 20 12 51.58
q 20 13 63.53
q 20 14 7.89
q 20 15 46.2
q 20 16 7.16
q 20 17 -10.57
q 20 18 -36.9
q 20 19 -37.58
q 20 20 -21.4
q 20 21 -30.19
q 20 22 -28.18
q 20 23 -20.49
q 20 24 -0.22
q 20 25 -17.53
q 20 26 -75.13
q 20 27 -4.11
q 20 28 -74.34
q 20 29 -51.58
q 20 30 -63.53
q 20 31 -7.89
q 20 32 -46.2
q 20 33 -7.16
q 21 0 39.46
q 21 1 27.16
q 21 2 43.57
q 21 3 36.54
q 21 4 54.6
q 21 5 79.92
q 21 6 58.85
q 21 7 69.42
q 21 8 9.69
q 21 9 23.77
q 21 10 1.21
q 21 11 3.12
q 21 12 75.57
q 21 13 15.97
q 21 14 19.16
q 21 15 72.05
q 21 16 21.6
q 21 17 -39.46
q 21 18 -27.16
q 21 19 -43.57
q 21 20 -36.54
q 21 21 -54.6
q 21 22 -79.92
q 21 23 -58.85
q 21 24 -69.42
q 21 25 -9.69
q 21 26 -23.77
q 21 27 -1.21
q 21 28 -3.12
q 21 29 -75.57
q 21 30 -15.97
q 21 31 -19.16
q 21 32 -72.05
q 21 33 -21.6
q 22 0 23.04
q 22 1 38.45
q 22 2 55.8
q 22 3 24.63
q 22 4 29.77
q 22 5 26.32
q 22 6 40.13
q 22 7 34.59
q 22 8 62.78
q 22 9 49.4
q 22 10 25.42
q 22 11 1.81
q 22 12 22.72
q 22 13 24.87
q 22 14 66.19
q 22 15 12.34
q 22 16 56.16
q 22 17 -23.04
q 22 18 -38.45
q 22 19 -55.8
q 22 20 -24.63
q 22 21 -29.77
q 22 22 -26.32
q 22 23 -40.13
q 22 24 -34.59
q 22 25 -62.78
q 22 26 -49.4
q 22 27 -25.42
q 22 28 -1.81
q 22 29 -22.72
q 22 30 -24.87
q 22 31 -66.19
q 22 32 -12.34
q 22 33 -56.16
q 23 0 67.56
q 23 1 17.04
q 23 2 41.59
q 23 3 36.3
q 23 4 76.98
q 23 5 30.44
q 23 6 71.98
q 23 7 39.14
q 23 8 25.97
q 23 9 46.26
q 23 10 39.66
q 23 11 33.54
q 23 12 35.8
q 23 13 60.68
q 23 14 69.97
q 23 15 20.46
q 23 16 12.6
q 23 17 -67.56
q 23 18 -17.04
q 23 19 -41.59
q 23 20 -36.3
q 23 21 -76.98
q 23 22 -30.44
q 23 23 -71.98
q 23 24 -39.14
q 23 25 -25.97
q 23 26 -46.26
q 23 27 -39.66
q 23 28 -33.54
q 23 29 -35.8
q 23 30 -60.68
q 23 31 -69.97
q 23 32 -20.46
q 23 33 -12.6
q 24 0 60.97
q 24 1 66.48
q 24 2 26.16
q 24 3 67.88
q 24 4 24.49
q 24 5 27.78
q 24 6 39.43
q 24 7 56
q 24 8 74.97
q 24 9 76.92
q 24 10 24.36
q 24 11 27.09
q 24 12 21.89
q 24 13 18.4
q 24 14 32.86
q 24 15 41.65
q 24 16 41.07
q 24 17 -60.97
q 24 18 -66.48
q 24 19 -26.16
q 24 20 -67.88
q 24 21 -24.49
q 24 22 -27.78
q 24 23 -39.43
q 24 24 -56
q 24 25 -74.97
q 24 26 -76.92
q 24 27 -24.36
q 24 28 -27.09
q 24 29 -21.89
q 24 30 -18.4
q 24 31 -32.86
q 24 32 -41.65
q 24 33 -41.07
q 25 0 64
q 25 1 38.24
q 25 2 39.38
q 25 3 74.06
q 25 4 54.33
q 25 5 40.99
q 25 6 7.94
q 25 7 66.02
q 25 8 6.08
q 25 9 44.38
q 25 10 17.26
q 25 11 64.68
q 25 12 20.69
q 25 13 63.13
q 25 14 1.2
q 25 15 15.65
q 25 16 0.76
q 25 17 -64
q 25 18 -38.24
q 25 19 -39.38
q 25 20 -74.06
q 25 21 -54.33
q 25 22 -40.99
q 25 23 -7.94
q 25 24 -66.02
q 25 25 -6.08
q 25 26 -44.38
q 25 27 -17.26
q 25 28 -64.68
q 25 29 -20.69
q 25 30 -63.13
q 25 31 -1.2
q 25 32 -15.65
q 25 33 -0.76
q 26 0 49.01
q 26 1 24.77
q 26 2 2.93
q 26 3 61.82
q 26 4 67.48
q 26 5 2.45
q 26 6 38.16
q 26 7 44.84
q 26 8 8.11
q 26 9 58.16
q 26 10 2.68
q 26 11 17.68
q 26 12 25.44
q 26 13 14.41
q 26 14 45.02
q 26 15 8.84
q 26 16 7.92
q 26 17 -49.01
q 26 18 -24.77
q 26 19 -2.93
q 26 20 -61.82
q 26 21 -67.48
q 26 22 -2.45
q 26 23 -38.16
q 26 24 -44.84
q 26 25 -8.11
q 26 26 -58.16
q 26 27 -2.68
q 26 28 -17.68
q 26 29 -25.44
q 26 30 -14.41
q 26 31 -45.02
q 26 32 -8.84
q 26 33 -7.92
q 27 0 14.44
q 27 1 50.44
q 27 2 36.06
q 27 3 19.23
q 27 4 55.16
q 27 5 13.01
q 27 6 25.71
q 27 7 43.29
q 27 8 69.56
q 27 9 64.81
q 27 10 79.51
q 27 11 22.91
q 27 12 25.96
q 27 13 27.64
q 27 14 7.16
q 27 15 39.38
q 27 16 59.65
q 27 17 -14.44
q 27 18 -50.44
q 27 19 -36.06
q 27 20 -19.23
q 27 21 -55.16
q 27 22 -13.01
q 27 23 -25.71
q 27 24 -43.29
q 27 25 -69.56
q 27 26 -64.81
q 27 27 -79.51
q 27 28 -22.91
q 27 29 -25.96
q 27 30 -27.64
q 27 31 -7.16
q 27 32 -39.38
q 27 33 -59.65
q 28 0 53.23
q 28 1 20.72
q 28 2 39.92
q 28 3 43.61
q 28 4 77.37
q 28 5 77.52
q 28 6 41.15
q 28 7 73.54
q 28 8 27.1
q 28 9 57.89
q 28 10 56.88
q 28 11 53.65
q 28 12 9.53
q 28 13 13.76
q 28 14 68.03
q 28 15 41.41
q 28 16 64.34
q 28 17 -53.23
q 28 18 -20.72
q 28 19 -39.92
q 28 20 -43.61
q 28 21 -77.37
q 28 22 -77.52
q 28 23 -41.15
q 28 24 -73.54
q 28 25 -27.1
q 28 26 -57.89
q 28 27 -56.88
q 28 28 -53.65
q 28 29 -9.53
q 28 30 -13.76
q 28 31 -68.03
q 28 32 -41.41
q 28 33 -64.34
q 29 0 1.54
q 29 1 61.31
q 29 2 8.69
q 29 3 13.19
q 29 4 21.59
q 29 5 35.67
q 29 6 44.15
q 29 7 28.76
q 29 8 66.83
q 29 9 52.43
q 29 10 47.21
q 29 11 60.77
q 29 12 1.6
q 29 13 63.64
q 29 14 9.75
q 29 15 48.56
q 29 16 30.56
q 29 17 -1.54
q 29 18 -61.31
q 29 19 -8.69
q 29 20 -13.19
q 29 21 -21.59
q 29 22 -35.67
q 29 23 -44.15
q 29 24 -28.76
q 29 25 -66.83
q 29 26 -52.43
q 29 27 -47.21
q 29 28 -60.77
q 29 29 -1.6
q 29 30 -63.64
q 29 31 -9.75
q 29 32 -48.56
q 29 33 -30.56
q 30 0 67.42
q 30 1 20.87
q 30 2 39.2
q 30 3 25.38
q 30 4 18.4
q 30 5 47.58
q 30 6 41.65
q 30 7 59.71
q 30 8 31.65
q 30 9 34.6
q 30 10 33.39
q 30 11 10.8
q 30 12 42.4
q 30 13 18.55
q 30 14 73.31
q 30 15 68.04
q 30 16 79.84
q 30 17 -67.42
q 30 18 -20.87
q 30 19 -39.2
q 30 20 -25.38
q 30 21 -18.4
q 30 22 -47.58
q 30 23 -41.65
q 30 24 -59.71
q 30 25 -31.65
q 30 26 -34.6
q 30 27 -33.39
q 30 28 -10.8
q 30 29 -42.4
q 30 30 -18.55
q 30 31 -73.31
q 30 32 -68.04
q 30 33 -79.84
q 31 0 61.57
q 31 1 68.48
q 31 2 36.54
q 31 3 55.36
q 31 4 8.09
q 31 5 22.26
q 31 6 70.57
q 31 7 46.3
q 31 8 55.99
q 31 9 14.53
q 31 10 50.14
q 31 11 21.09
q 31 12 1.5
q 31 13 33.9
q 31 14 79.96
q 31 15 5.62
q 31 16 69.93
q 31 17 -61.57
q 31 18 -68.48
q 31 19 -36.54
q 31 20 -55.36
q 31 21 -8.09
q 31 22 -22.26
q 31 23 -70.57
q 31 24 -46.3
q 31 25 -55.99
q 31 26 -14.53
q 31 27 -50.14
q 31 28 -21.09
q 31 29 -1.5
q 31 30 -33.9
q 31 31 -79.96
q 31 32 -5.62
q 31 33 -69.93
q 32 0 25.78
q 32 1 19.98
q 32 2 72.54
q 32 3 55.14
q 32 4 75.07
q 32 5 67.27
q 32 6 61.44
q 32 7 45.93
q 32 8 69
q 32 9 60.47
q 32 10 60.65
q 32 11 14.19
q 32 12 52.38
q 32 13 68.86
q 32 14 69.42
q 32 15 5.43
q 32 16 28.83
q 32 17 -25.78
q 32 18 -19.98
q 32 19 -72.54
q 32 20 -55.14
q 32 21 -75.07
q 32 22 -67.27
q 32 23 -61.44
q 32 24 -45.93
q 32 25 -69
q 32 26 -60.47
q 32 27 -60.65
q 32 28 -14.19
q 32 29 -52.38
q 32 30 -68.86
q 32 31 -69.42
q 32 32 -5.43
q 32 33 -28.83
q 33 0 0.99
q 33 1 56.7
q 33 2 26.97
q 33 3 56.66
q 33 4 64.46
q 33 5 1.41
q 33 6 3.88
q 33 7 45.34
q 33 8 73.16
q 33 9 75.76
q 33 10 67.96
q 33 11 69.01
q 33 12 55.89
q 33 13 11.41
q 33 14 36.38
q 33 15 57.64
q 33 16 57.05
q 33 17 -0.99
q 33 18 -56.7
q 33 19 -26.97
q 33 20 -56.66
q 33 21 -64.46
q 33 22 -1.41
q 33 23 -3.88
q 33 24 -45.34
q 33 25 -73.16
q 33 26 -75.76
q 33 27 -67.96
q 33 28 -69.01
q 33 29 -55.89
q 33 30 -11.41
q 33 31 -36.38
q 33 32 -57.64
q 33 33 -57.05
q 34 0 77.92
q 34 1 5.91
q 34 2 69.25
q 34 3 44.12
q 34 4 30.02
q 34 5 13.47
q 34 6 79.38
q 34 7 76.04
q 34 8 67
q 34 9 0.54
q 34 10 45.34
q 34 11 51.8
q 34 12 52.45
q 34 13 25.03
q 34 14 35.86
q 34 15 21.19
q 34 16 40.47
q 34 17 -77.92
q 34 18 -5.91
q 34 19 -69.25
q 34 20 -44.12
q 34 21 -30.02
q 34 22 -13.47
q 34 23 -79.38
q 34 24 -76.04
q 34 25 -67
q 34 26 -0.54
q 34 27 -45.34
q 34 28 -51.8
q 34 29 -52.45
q 34 30 -25.03
q 34 31 -35.86
q 34 32 -21.19
q 34 33 -40.47
q 52 0 52.14
q 52 1 58.56
q 52 2 64.18
q 52 3 34.39
q 52 4 48.16
q 52 5 61.72
q 52 6 91.11
q 52 7 25.54
q 52 8 42.11
q 52 9 66.42
q 52 10 99.82
q 52 11 73.09
q 52 12 37.9
q 52 13 74.95
q 52 14 81.52
q 52 15 21.32
q 52 16 49.91
q 52 17 -5.19
q 52 18 -8.28
q 52 19 -12.88
q 52 20 -9.06
q 52 21 -2.69
q 52 22 -12.34
q 52 23 -19.97
q 52 24 -3.03
q 52 25 -2.26
q 52 26 -14.51
q 52 27 -18.7
q 52 28 -2.07
q 52 29 -14.78
q 52 30 -17.05
q 52 31 -9.96
q 52 32 -12.16
q 52 33 -7.9
q 53 0 29.53
q 53 1 70.16
q 53 2 79.77
q 53 3 91.08
q 53 4 76.75
q 53 5 53.44
q 53 6 45.06
q 53 7 44.75
q 53 8 30
q 53 9 22.75
q 53 10 41.33
q 53 11 53.89
q 53 12 25.53
q 53 13 94.31
q 53 14 32.36
q 53 15 70.58
q 53 16 85.31
q 53 17 -16.67
q 53 18 -13.59
q 53 19 -9.27
q 53 20 -5.47
q 53 21 -4.2
q 53 22 -4.56
q 53 23 -8.27
q 53 24 -2.59
q 53 25 -15.65
q 53 26 -13.23
q 53 27 -18.51
q 53 28 -10.14
q 53 29 -9.54
q 53 30 -6.92
q 53 31 -13.5
q 53 32 -13.08
q 53 33 -15.83
q 54 0 33.75
q 54 1 67.11
q 54 2 97.19
q 54 3 63.12
q 54 4 69.34
q 54 5 62.43
q 54 6 48.48
q 54 7 76.41
q 54 8 83.9
q 54 9 95.56
q 54 10 65.19
q 54 11 71.96
q 54 12 87.63
q 54 13 41.16
q 54 14 97.92
q 54 15 78.49
q 54 16 47.88
q 54 17 -13.24
q 54 18 -7.32
q 54 19 -2.57
q 54 20 -6.72
q 54 21 -3.31
q 54 22 -8.77
q 54 23 -3.63
q 54 24 -1.42
q 54 25 -7.25
q 54 26 -5.2
q 54 27 -10.37
q 54 28 -7.44
q 54 29 -0.69
q 54 30 -7.68
q 54 31 -11.5
q 54 32 -18.6
q 54 33 -17.31
q 55 0 99.75
q 55 1 41.17
q 55 2 42.7
q 55 3 53.11
q 55 4 94.52
q 55 5 86.88
q 55 6 69.17
q 55 7 23.94
q 55 8 81.24
q 55 9 64.58
q 55 10 51.22
q 55 11 54.38
q 55 12 32.52
q 55 13 67.77
q 55 14 93.14
q 55 15 27.9
q 55 16 83.57
q 55 17 -0.3
q 55 18 -3.51
q 55 19 -15.71
q 55 20 -10.08
q 55 21 -8.7
q 55 22 -9.08
q 55 23 -6.4
q 55 24 -16.41
q 55 25 -11.47
q 55 26 -9.43
q 55 27 -4.48
q 55 28 -6.04
q 55 29 -6.34
q 55 30 -12.23
q 55 31 -1.71
q 55 32 -15.58
q 55 33 -9.14
q 56 0 46.69
q 56 1 69.26
q 56 2 80.58
q 56 3 76.94
q 56 4 74.97
q 56 5 88.29
q 56 6 45.6
q 56 7 81.44
q 56 8 37.66
q 56 9 40.39
q 56 10 57.29
q 56 11 81.86
q 56 12 51.64
q 56 13 87.2
q 56 14 99.78
q 56 15 68.23
q 56 16 95.51
q 56 17 -18.3
q 56 18 -2.03
q 56 19 -11.23
q 56 20 -3.43
q 56 21 -2.51
q 56 22 -4.92
q 56 23 -17.12
q 56 24 -14.51
q 56 25 -12.61
q 56 26 -2.75
q 56 27 -18.86
q 56 28 -2.04
q 56 29 -9.44
q 56 30 -11.2
q 56 31 -19.7
q 56 32 -15.46
q 56 33 -7.05
q 57 0 43.12
q 57 1 33.94
q 57 2 74.35
q 57 3 37.45
q 57 4 79.51
q 57 5 62.52
q 57 6 54.18
q 57 7 97.97
q 57 8 55.59
q 57 9 86.11
q 57 10 63.09
q 57 11 65.65
q 57 12 54.08
q 57 13 31.32
q 57 14 79.51
q 57 15 41.09
q 57 16 31.28
q 57 17 -12.55
q 57 18 -15.8
q 57 19 -18.35
q 57 20 -8.36
q 57 21 -9.43
q 57 22 -1.28
q 57 23 -9.86
q 57 24 -16.44
q 57 25 -2.39
q 57 26 -4.13
q 57 27 -7.9
q 57 28 -9.09
q 57 29 -6.2
q 57 30 -1.23
q 57 31 -2.04
q 57 32 -2.14
q 57 33 -15.22
q 58 0 39.16
q 58 1 26.14
q 58 2 86.88
q 58 3 76.53
q 58 4 26.88
q 58 5 60.99
q 58 6 43.81
q 58 7 92.79
q 58 8 75.66
q 58 9 34.72
q 58 10 98.93
q 58 11 96.35
q 58 12 82.8
q 58 13 87.85
q 58 14 25.71
q 58 15 50.9
q 58 16 97.73
q 58 17 -0.21
q 58 18 -2.35
q 58 19 -1.39
q 58 20 -5.1
q 58 21 -14.48
q 58 22 -16.53
q 58 23 -0.82
q 58 24 -11.55
q 58 25 -16.71
q 58 26 -5.86
q 58 27 -4
q 58 28 -3.11
q 58 29 -17.31
q 58 30 -15.09
q 58 31 -13.31
q 58 32 -6.49
q 58 33 -5.3
q 59 0 77.91
q 59 1 75.74
q 59 2 79.25
q 59 3 82.19
q 59 4 61.83
q 59 5 85.43
q 59 6 38.45
q 59 7 56.48
q 59 8 44.26
q 59 9 95.43
q 59 10 64.2
q 59 11 73.55
q 59 12 58.58
q 59 13 60.16
q 59 14 54.03
q 59 15 53.99
q 59 16 88.94
q 59 17 -0.05
q 59 18 -16
q 59 19 -15.49
q 59 20 -7.01
q 59 21 -6.98
q 59 22 -5.77
q 59 23 -7.34
q 59 24 -15.6
q 59 25 -0.2
q 59 26 -11.51
q 59 27 -7.66
q 59 28 -15.68
q 59 29 -10.92
q 59 30 -10.63
q 59 31 -4.9
q 59 32 -9.27
q 59 33 -11.94
q 60 0 66.54
q 60 1 50.77
q 60 2 27.85
q 60 3 31.86
q 60 4 32.04
q 60 5 37.7
q 60 6 29.48
q 60 7 31.4
q 60 8 43.21
q 60 9 31.64
q 60 10 41.19
q 60 11 48.96
q 60 12 25.18
q 60 13 71.26
q 60 14 99.94
q 60 15 46.11
q 60 16 63.9
q 60 17 -11.76
q 60 18 -19.06
q 60 19 -12.26
q 60 20 -17.5
q 60 21 -10.58
q 60 22 -4
q 60 23 -17.49
q 60 24 -17.86
q 60 25 -12.19
q 60 26 -7.01
q 60 27 -16.28
q 60 28 -15.07
q 60 29 -5.32
q 60 30 -19.09
q 60 31 -4.47
q 60 32 -16.52
q 60 33 -16.39
q 61 0 35.91
q 61 1 82.1
q 61 2 55.23
q 61 3 87.38
q 61 4 88
q 61 5 56.15
q 61 6 50.18
q 61 7 25.45
q 61 8 23.13
q 61 9 49.85
q 61 10 97.58
q 61 11 93.54
q 61 12 92.19
q 61 13 38.89
q 61 14 94.43
q 61 15 32.82
q 61 16 24.15
q 61 17 -1.2
q 61 18 -11.86
q 61 19 -19.34
q 61 20 -17.72
q 61 21 -9.27
q 61 22 -0.19
q 61 23 -2.21
q 61 24 -13.71
q 61 25 -19.19
q 61 26 -11.07
q 61 27 -6.78
q 61 28 -13.8
q 61 29 -3.95
q 61 30 -11.41
q 61 31 -13.71
q 61 32 -12.66
q 61 33 -11.6
q 62 0 69.82
q 62 1 71.28
q 62 2 23.11
q 62 3 45.85
q 62 4 36.03
q 62 5 90.52
q 62 6 26.96
q 62 7 63.49
q 62 8 84.28
q 62 9 71.21
q 62 10 71.95
q 62 11 80.55
q 62 12 29.54
q 62 13 34.67
q 62 14 47.11
q 62 15 79.76
q 62 16 21.88
q 62 17 -12.06
q 62 18 -15.95
q 62 19 -9.33
q 62 20 -14.86
q 62 21 -11.68
q 62 22 -12.06
q 62 23 -8.56
q 62 24 -2.13
q 62 25 -9.32
q 62 26 -6.6
q 62 27 -14.62
q 62 28 -3.29
q 62 29 -8.08
q 62 30 -13.54
q 62 31 -0.4
q 62 32 -1.77
q 62 33 -0.82
q 63 0 88.42
q 63 1 79.04
q 63 2 54.72
q 63 3 22.85
q 63 4 79.43
q 63 5 30.53
q 63 6 43.93
q 63 7 26
q 63 8 54.52
q 63 9 21.86
q 63 10 61.69
q 63 11 32.08
q 63 12 78.14
q 63 13 32.05
q 63 14 81.94
q 63 15 72.42
q 63 16 21.06
q 63 17 -16.73
q 63 18 -8.63
q 63 19 -12.24
q 63 20 -5.53
q 63 21 -2.34
q 63 22 -19.44
q 63 23 -9.55
q 63 24 -0.09
q 63 25 -10.12
q 63 26 -13.82
q 63 27 -2.61
q 63 28 -17.8
q 63 29 -19.31
q 63 30 -9.98
q 63 31 -2.39
q 63 32 -19.95
q 63 33 -2.73
q 64 0 79.16
q 64 1 61.63
q 64 2 31.01
q 64 3 22.11
q 64 4 76.95
q 64 5 36.98
q 64 6 48.42
q 64 7 48.01
q 64 8 58.08
q 64 9 80.33
q 64 10 77.95
q 64 11 29.28
q 64 12 25.39
q 64 13 37.72
q 64 14 40.83
q 64 15 84.81
q 64 16 72.73
q 64 17 -3.98
q 64 18 -9.5
q 64 19 -8.31
q 64 20 -8.3
q 64 21 -11.24
q 64 22 -6
q 64 23 -8.98
q 64 24 -15.72
q 64 25 -18.37
q 64 26 -0.45
q 64 27 -3.91
q 64 28 -19.36
q 64 29 -8.74
q 64 30 -5.29
q 64 31 -11.98
q 64 32 -4.56
q 64 33 -18.16
q 65 0 70.52
q 65 1 63.9
q 65 2 23.39
q 65 3 62.91
q 65 4 33.15
q 65 5 27.25
q 65 6 79.42
q 65 7 44.47
q 65 8 86.42
q 65 9 64.62
q 65 10 86.03
q 65 11 60.66
q 65 12 30.56
q 65 13 64.81
q 65 14 65.4
q 65 15 69.27
q 65 16 79.95
q 65 17 -10.6
q 65 18 -9.73
q 65 19 -19.63
q 65 20 -13.34
q 65 21 -18.22
q 65 22 -11.12
q 65 23 -19.13
q 65 24 -3.09
q 65 25 -11.89
q 65 26 -4.36
q 65 27 -6.6
q 65 28 -6.41
q 65 29 -19.87
q 65 30 -5.97
q 65 31 -18.15
q 65 32 -10.36
q 65 33 -2.71
q 66 0 75.61
q 66 1 29.77
q 66 2 30.86
q 66 3 92.15
q 66 4 22.89
q 66 5 93.84
q 66 6 85.61
q 66 7 66.76
q 66 8 37.13
q 66 9 68.53
q 66 10 76.97
q 66 11 87.37
q 66 12 71.15
q 66 13 36.44
q 66 14 56.7
q 66 15 33.21
q 66 16 77.71
q 66 17 -11.29
q 66 18 -16.41
q 66 19 -1.12
q 66 20 -5.27
q 66 21 -7.22
q 66 22 -12.74
q 66 23 -0.93
q 66 24 -2.67
q 66 25 -4.48
q 66 26 -9.93
q 66 27 -11.1
q 66 28 -18.65
q 66 29 -11.81
q 66 30 -8.4
q 66 31 -3.57
q 66 32 -2.99
q 66 33 -14.01
q 67 0 32.31
q 67 1 44.72
q 67 2 81.38
q 67 3 71.28
q 67 4 48.08
q 67 5 93.63
q 67 6 40.36
q 67 7 97.95
q 67 8 66.36
q 67 9 39.28
q 67 10 26.8
q 67 11 50.88
q 67 12 81.55
q 67 13 71.6
q 67 14 48.37
q 67 15 62.5
q 67 16 50.78
q 67 17 -3.33
q 67 18 -10.5
q 67 19 -14.51
q 67 20 -14.78
q 67 21 -12.66
q 67 22 -11.78
q 67 23 -17.42
q 67 24 -11.11
q 67 25 -6.69
q 67 26 -12.13
q 67 27 -11.76
q 67 28 -17.57
q 67 29 -16.47
q 67 30 -14.79
q 67 31 -0.46
q 67 32 -10.96
q 67 33 -3.86
q 68 0 45.66
q 68 1 34.65
q 68 2 99.9
q 68 3 94.29
q 68 4 89.13
q 68 5 35.29
q 68 6 66.57
q 68 7 74.63
q 68 8 73.2
q 68 9 91.51
q 68 10 85.15
q 68 11 35.99
q 68 12 30.6
q 68 13 96.31
q 68 14 74.4
q 68 15 39.32
q 68 16 22.04
q 68 17 -4.3
q 68 18 -15.74
q 68 19 -11.34
q 68 20 -1.23
q 68 21 -9.87
q 68 22 -10.6
q 68 23 -16.32
q 68 24 -10.27
q 68 25 -10.89
q 68 26 -15.14
q 68 27 -9.17
q 68 28 -10.83
q 68 29 -10.88
q 68 30 -14.32
q 68 31 -15.48
q 68 32 -1.11
q 68 33 -14.28
q 69 0 23.91
q 69 1 85.26
q 69 2 38.48
q 69 3 35.38
q 69 4 24.85
q 69 5 70.55
q 69 6 49.31
q 69 7 38.44
q 69 8 67.46
q 69 9 48.61
q 69 10 43.21
q 69 11 92.13
q 69 12 74.49
q 69 13 61.02
q 69 14 33.93
q 69 15 47.36
q 69 16 56.62
q 69 17 -10.9
q 69 18 -11.72
q 69 19 -17.97
q 69 20 -14.83
q 69 21 -13.63
q 69 22 -3.91
q 69 23 -12.06
q 69 24 -6.24
q 69 25 -2.21
q 69 26 -16.88
q 69 27 -7.62
q 69 28 -17.4
q 69 29 -14.51
q 69 30 -0.52
q 69 31 -16.88
q 69 32 -7.72
q 69 33 -1.41
q 70 0 28.72
q 70 1 78.95
q 70 2 24.83
q 70 3 60.74
q 70 4 69.51
q 70 5 71.99
q 70 6 64.98
q 70 7 52.78
q 70 8 56.67
q 70 9 21.61
q 70 10 97.42
q 70 11 44.12
q 70 12 35.45
q 70 13 82.14
q 70 14 80.55
q 70 15 51.89
q 70 16 66.96
q 70 17 -6.23
q 70 18 -16.94
q 70 19 -16.48
q 70 20 -16.61
q 70 21 -16.84
q 70 22 -1.82
q 70 23 -5.71
q 70 24 -13.71
q 70 25 -18.26
q 70 26 -10.6
q 70 27 -13.07
q 70 28 -15.57
q 70 29 -9.98
q 70 30 -5.66
q 70 31 -12.25
q 70 32 -0.5
q 70 33 -11.81
q 71 0 50.14
q 71 1 56.88
q 71 2 61.34
q 71 3 93.6
q 71 4 94.48
q 71 5 75.85
q 71 6 59.22
q 71 7 23.41
q 71 8 76.79
q 71 9 99.89
q 71 10 98.78
q 71 11 61.35
q 71 12 75.16
q 71 13 82.44
q 71 14 47.91
q 71 15 93.79
q 71 16 97.14
q 71 17 -13.18
q 71 18 -8.43
q 71 19 -8.4
q 71 20 -8.93
q 71 21 -15.67
q 71 22 -18.78
q 71 23 -5.61
q 71 24 -11.7
q 71 25 -6.21
q 71 26 -7.6
q 71 27 -19.93
q 71 28 -7.74
q 71 29 -5.14
q 71 30 -17.95
q 71 31 -2.83
q 71 32 -12.98
q 71 33 -6.41
q 72 0 26.19
q 72 1 92.56
q 72 2 38.11
q 72 3 33.57
q 72 4 20.87
q 72 5 48.84
q 72 6 76.44
q 72 7 74.62
q 72 8 92.06
q 72 9 72.14
q 72 10 72.42
q 72 11 22.71
q 72 12 62.67
q 72 13 93.67
q 72 14 49.88
q 72 15 46.19
q 72 16 80.36
q 72 17 -10.65
q 72 18 -3.3
q 72 19 -8.82
q 72 20 -5.79
q 72 21 -13.62
q 72 22 -19.77
q 72 23 -0.32
q 72 24 -13.97
q 72 25 -5.16
q 72 26 -11.48
q 72 27 -14.97
q 72 28 -9.9
q 72 29 -0.35
q 72 30 -8.61
q 72 31 -14.66
q 72 32 -14.57
q 72 33 -5.91
