73 34
c 0 36 14
c 0 37 14
c 0 38 14
c 0 39 14
c 0 40 14
c 0 41 14
c 0 43 14
c 0 44 14
c 0 47 14
c 0 48 14
c 0 50 14
c 0 56 -27
c 0 62 -29
c 0 63 -27
c 0 70 -29
c 0 71 -32
c 0 72 -32
c 1 35 27
c 1 36 27
c 1 37 27
c 1 38 27
c 1 40 27
c 1 41 27
c 1 42 27
c 1 43 27
c 1 44 27
c 1 45 27
c 1 46 27
c 1 47 27
c 1 50 27
c 1 51 27
c 1 52 -21
c 1 63 -14
c 1 64 -16
c 1 66 -15
c 1 67 -17
c 1 70 -16
c 1 71 -19
c 1 72 -19
c 2 36 29
c 2 37 29
c 2 40 29
c 2 41 29
c 2 42 29
c 2 43 29
c 2 45 29
c 2 47 29
c 2 48 29
c 2 49 29
c 2 50 29
c 2 51 29
c 2 52 -19
c 2 55 -17
c 2 56 -12
c 2 60 -11
c 2 62 -14
c 2 68 -14
c 2 69 -11
c 3 37 32
c 3 38 32
c 3 40 32
c 3 41 32
c 3 42 32
c 3 43 32
c 3 45 32
c 3 46 32
c 3 47 32
c 3 49 32
c 3 56 -9
c 3 57 -13
c 3 58 -10
c 3 59 -8
c 3 62 -11
c 4 35 43
c 4 38 43
c 4 39 43
c 4 41 43
c 4 42 43
c 4 43 43
c 4 44 43
c 4 45 43
c 4 47 43
c 4 48 43
c 4 50 43
c 4 54 -6
c 4 58 1
c 4 59 3
c 4 60 3
c 4 65 -2
c 5 36 22
c 5 37 22
c 5 38 22
c 5 40 22
c 5 42 22
c 5 44 22
c 5 45 22
c 5 46 22
c 5 47 22
c 5 48 22
c 5 51 22
c 5 56 -19
c 5 63 -19
c 6 35 30
c 6 36 30
c 6 37 30
c 6 38 30
c 6 41 30
c 6 42 30
c 6 44 30
c 6 47 30
c 6 48 30
c 6 49 30
c 6 50 30
c 6 51 30
c 6 53 -16
c 6 58 -12
c 6 63 -11
c 6 65 -15
c 6 66 -12
c 6 67 -14
c 7 35 16
c 7 39 16
c 7 40 16
c 7 41 16
c 7 42 16
c 7 43 16
c 7 44 16
c 7 46 16
c 7 47 16
c 7 48 16
c 7 49 16
c 7 50 16
c 7 51 16
c 7 53 -30
c 7 58 -26
c 7 59 -24
c 7 60 -24
c 7 66 -26
c 7 68 -27
c 7 70 -27
c 8 38 40
c 8 39 40
c 8 40 40
c 8 41 40
c 8 42 40
c 8 44 40
c 8 46 40
c 8 47 40
c 8 48 40
c 8 52 -8
c 8 56 -1
c 8 57 -5
c 8 61 -6
c 8 63 -1
c 8 66 -2
c 8 71 -6
c 9 38 15
c 9 40 15
c 9 41 15
c 9 42 15
c 9 48 15
c 9 57 -30
c 9 58 -27
c 9 65 -30
c 9 66 -27
c 9 68 -28
c 9 72 -31
c 10 35 37
c 10 37 37
c 10 40 37
c 10 42 37
c 10 43 37
c 10 44 37
c 10 46 37
c 10 47 37
c 10 49 37
c 10 50 37
c 11 35 27
c 11 36 27
c 11 37 27
c 11 38 27
c 11 39 27
c 11 40 27
c 11 41 27
c 11 43 27
c 11 46 27
c 11 47 27
c 11 49 27
c 11 50 27
c 11 51 27
c 11 55 -19
c 11 56 -14
c 11 57 -18
c 11 72 -19
c 12 35 18
c 12 37 18
c 12 38 18
c 12 39 18
c 12 41 18
c 12 42 18
c 12 43 18
c 12 46 18
c 12 47 18
c 12 49 18
c 12 51 18
c 12 56 -23
c 12 58 -24
c 12 68 -25
c 12 72 -28
c 13 36 18
c 13 37 18
c 13 38 18
c 13 39 18
c 13 40 18
c 13 41 18
c 13 42 18
c 13 44 18
c 13 46 18
c 13 47 18
c 13 48 18
c 13 49 18
c 13 50 18
c 13 51 18
c 13 55 -28
c 13 56 -23
c 13 57 -27
c 13 61 -28
c 13 62 -25
c 13 65 -27
c 13 71 -28
c 14 36 43
c 14 38 43
c 14 42 43
c 14 46 43
c 14 47 43
c 14 48 43
c 14 49 43
c 14 50 43
c 14 51 43
c 14 52 -5
c 14 57 -2
c 14 60 3
c 14 61 -3
c 14 72 -3
c 15 37 10
c 15 38 10
c 15 42 10
c 15 46 10
c 15 50 10
c 15 51 10
c 15 58 -32
c 15 62 -33
c 15 63 -31
c 15 68 -33
c 15 69 -30
c 15 70 -33
c 15 72 -36
c 16 36 25
c 16 38 25
c 16 39 25
c 16 40 25
c 16 44 25
c 16 45 25
c 16 46 25
c 16 47 25
c 16 48 25
c 16 49 25
c 16 50 25
c 16 55 -21
c 16 61 -21
c 16 63 -16
c 16 64 -18
c 17 35 35
c 17 36 35
c 17 37 35
c 17 38 35
c 17 40 35
c 17 42 35
c 17 43 35
c 17 46 35
c 17 48 35
c 17 49 35
c 17 50 35
c 17 58 -7
c 17 61 -11
c 17 62 -8
c 17 65 -10
c 17 66 -7
c 17 67 -9
c 17 69 -5
c 17 70 -8
c 17 71 -11
c 18 35 34
c 18 36 34
c 18 37 34
c 18 38 34
c 18 39 34
c 18 40 34
c 18 41 34
c 18 42 34
c 18 43 34
c 18 44 34
c 18 45 34
c 18 47 34
c 18 48 34
c 18 50 34
c 18 51 34
c 18 52 -14
c 18 55 -12
c 18 56 -7
c 18 62 -9
c 18 71 -12
c 19 35 10
c 19 36 10
c 19 38 10
c 19 39 10
c 19 41 10
c 19 42 10
c 19 43 10
c 19 45 10
c 19 46 10
c 19 49 10
c 19 50 10
c 19 51 10
c 19 53 -36
c 19 54 -39
c 19 55 -36
c 19 56 -31
c 19 58 -32
c 19 64 -33
c 19 65 -35
c 19 66 -32
c 19 67 -34
c 19 69 -30
c 19 70 -33
c 19 71 -36
c 20 35 42
c 20 37 42
c 20 39 42
c 20 43 42
c 20 44 42
c 20 45 42
c 20 46 42
c 20 49 42
c 20 50 42
c 20 51 42
c 20 57 -3
c 20 65 -3
c 20 67 -2
c 20 70 -1
c 21 35 18
c 21 37 18
c 21 38 18
c 21 39 18
c 21 40 18
c 21 41 18
c 21 42 18
c 21 44 18
c 21 47 18
c 21 49 18
c 21 51 18
c 21 52 -30
c 21 53 -28
c 21 55 -28
c 21 57 -27
c 21 59 -22
c 21 63 -23
c 22 36 34
c 22 38 34
c 22 39 34
c 22 40 34
c 22 41 34
c 22 42 34
c 22 43 34
c 22 45 34
c 22 47 34
c 22 48 34
c 22 50 34
c 22 51 34
c 22 54 -15
c 22 58 -8
c 22 67 -10
c 22 71 -12
c 23 37 22
c 23 38 22
c 23 39 22
c 23 40 22
c 23 41 22
c 23 43 22
c 23 44 22
c 23 45 22
c 23 48 22
c 23 51 22
c 23 53 -24
c 23 55 -24
c 23 59 -18
c 23 62 -21
c 23 67 -22
c 23 68 -21
c 23 70 -21
c 24 35 38
c 24 36 38
c 24 39 38
c 24 40 38
c 24 41 38
c 24 45 38
c 24 47 38
c 24 48 38
c 24 50 38
c 24 52 -10
c 24 54 -11
c 24 55 -8
c 24 59 -2
c 24 61 -8
c 24 64 -5
c 24 72 -8
c 25 35 44
c 25 37 44
c 25 39 44
c 25 40 44
c 25 41 44
c 25 43 44
c 25 44 44
c 25 46 44
c 25 48 44
c 25 49 44
c 25 50 44
c 25 51 44
c 25 53 -2
c 25 54 -5
c 25 55 -2
c 25 57 -1
c 25 60 4
c 25 61 -2
c 25 70 1
c 26 35 49
c 26 38 49
c 26 39 49
c 26 41 49
c 26 43 49
c 26 44 49
c 26 45 49
c 26 47 49
c 26 49 49
c 26 50 49
c 26 52 1
c 26 53 3
c 26 59 9
c 26 62 6
c 26 66 7
c 26 68 6
c 26 70 6
c 26 71 3
c 27 35 13
c 27 36 13
c 27 38 13
c 27 39 13
c 27 40 13
c 27 43 13
c 27 45 13
c 27 48 13
c 27 49 13
c 27 50 13
c 27 51 13
c 27 54 -36
c 27 57 -32
c 27 60 -27
c 27 61 -33
c 27 62 -30
c 27 63 -28
c 27 70 -30
c 27 71 -33
c 27 72 -33
c 28 36 36
c 28 37 36
c 28 42 36
c 28 43 36
c 28 46 36
c 28 47 36
c 28 48 36
c 28 49 36
c 28 50 36
c 28 51 36
c 28 53 -10
c 28 54 -13
c 28 57 -9
c 28 60 -4
c 28 67 -8
c 28 68 -7
c 28 69 -4
c 28 70 -7
c 28 71 -10
c 29 36 32
c 29 37 32
c 29 38 32
c 29 39 32
c 29 40 32
c 29 41 32
c 29 42 32
c 29 44 32
c 29 45 32
c 29 46 32
c 29 47 32
c 29 48 32
c 29 50 32
c 29 51 32
c 29 57 -13
c 29 65 -13
c 29 66 -10
c 29 68 -11
c 30 35 28
c 30 36 28
c 30 37 28
c 30 38 28
c 30 41 28
c 30 44 28
c 30 45 28
c 30 49 28
c 30 50 28
c 30 53 -18
c 30 55 -18
c 30 67 -16
c 31 35 28
c 31 40 28
c 31 42 28
c 31 44 28
c 31 45 28
c 31 46 28
c 31 47 28
c 31 48 28
c 31 50 28
c 31 57 -17
c 31 58 -14
c 31 61 -18
c 31 62 -15
c 31 64 -15
c 31 65 -17
c 31 67 -16
c 31 71 -18
c 32 35 12
c 32 39 12
c 32 41 12
c 32 42 12
c 32 43 12
c 32 44 12
c 32 48 12
c 32 49 12
c 32 50 12
c 32 53 -34
c 32 57 -33
c 32 64 -31
c 32 67 -32
c 32 68 -31
c 32 69 -28
c 33 35 42
c 33 37 42
c 33 38 42
c 33 39 42
c 33 40 42
c 33 41 42
c 33 43 42
c 33 44 42
c 33 45 42
c 33 46 42
c 33 47 42
c 33 49 42
c 33 50 42
c 33 52 -6
c 33 53 -4
c 33 54 -7
c 33 65 -3
c 33 69 2
c 33 70 -1
c 34 37 24
c 34 38 24
c 34 39 24
c 34 40 24
c 34 41 24
c 34 42 24
c 34 46 24
c 34 47 24
c 34 51 24
c 34 55 -22
c 34 62 -19
c 34 63 -17
c 34 71 -22
c 34 72 -22
c 35 53 -46
c 35 54 -49
c 35 55 -46
c 35 58 -42
c 35 59 -40
c 35 60 -40
c 35 66 -42
c 35 67 -44
c 35 70 -43
c 35 71 -46
c 35 72 -46
c 36 53 -46
c 36 54 -49
c 36 56 -41
c 36 57 -45
c 36 59 -40
c 36 60 -40
c 36 63 -41
c 36 65 -45
c 36 66 -42
c 36 67 -44
c 36 68 -43
c 36 69 -40
c 36 70 -43
c 36 71 -46
c 36 72 -46
c 37 52 -48
c 37 53 -46
c 37 54 -49
c 37 59 -40
c 37 61 -46
c 37 64 -43
c 37 69 -40
c 38 54 -49
c 38 56 -41
c 38 57 -45
c 38 60 -40
c 38 61 -46
c 38 62 -43
c 38 63 -41
c 38 64 -43
c 38 66 -42
c 38 67 -44
c 38 68 -43
c 38 69 -40
c 38 70 -43
c 38 71 -46
c 38 72 -46
c 39 52 -48
c 39 53 -46
c 39 54 -49
c 39 56 -41
c 39 57 -45
c 39 59 -40
c 39 63 -41
c 39 64 -43
c 39 65 -45
c 39 66 -42
c 39 67 -44
c 39 68 -43
c 39 69 -40
c 39 72 -46
c 40 52 -48
c 40 54 -49
c 40 55 -46
c 40 57 -45
c 40 58 -42
c 40 59 -40
c 40 60 -40
c 40 61 -46
c 40 62 -43
c 40 64 -43
c 40 65 -45
c 40 66 -42
c 40 68 -43
c 40 69 -40
c 40 72 -46
c 41 52 -48
c 41 53 -46
c 41 54 -49
c 41 56 -41
c 41 58 -42
c 41 59 -40
c 41 62 -43
c 41 63 -41
c 41 65 -45
c 41 66 -42
c 41 70 -43
c 41 71 -46
c 42 53 -46
c 42 59 -40
c 42 60 -40
c 42 62 -43
c 42 63 -41
c 42 66 -42
c 42 67 -44
c 42 68 -43
c 42 69 -40
c 42 70 -43
c 42 71 -46
c 42 72 -46
c 43 52 -48
c 43 53 -46
c 43 56 -41
c 43 58 -42
c 43 61 -46
c 43 63 -41
c 43 64 -43
c 43 66 -42
c 43 68 -43
c 44 52 -48
c 44 54 -49
c 44 55 -46
c 44 56 -41
c 44 57 -45
c 44 62 -43
c 44 63 -41
c 44 64 -43
c 44 66 -42
c 44 69 -40
c 44 72 -46
c 45 55 -46
c 45 56 -41
c 45 60 -40
c 45 61 -46
c 45 62 -43
c 45 65 -45
c 45 66 -42
c 45 67 -44
c 45 68 -43
c 45 70 -43
c 46 55 -46
c 46 57 -45
c 46 58 -42
c 46 60 -40
c 46 61 -46
c 46 62 -43
c 46 64 -43
c 46 67 -44
c 46 68 -43
c 46 70 -43
c 47 53 -46
c 47 56 -41
c 47 58 -42
c 47 60 -40
c 47 62 -43
c 47 63 -41
c 47 64 -43
c 47 65 -45
c 47 66 -42
c 47 67 -44
c 47 70 -43
c 47 71 -46
c 48 52 -48
c 48 53 -46
c 48 58 -42
c 48 60 -40
c 48 61 -46
c 48 62 -43
c 48 63 -41
c 48 64 -43
c 48 65 -45
c 48 66 -42
c 48 67 -44
c 48 69 -40
c 48 70 -43
c 48 71 -46
c 48 72 -46
c 49 55 -46
c 49 56 -41
c 49 59 -40
c 49 60 -40
c 49 61 -46
c 49 62 -43
c 49 63 -41
c 49 66 -42
c 49 68 -43
c 49 70 -43
c 49 71 -46
c 49 72 -46
c 50 54 -49
c 50 56 -41
c 50 57 -45
c 50 58 -42
c 50 60 -40
c 50 63 -41
c 50 65 -45
c 50 66 -42
c 50 67 -44
c 50 68 -43
c 50 69 -40
c 50 72 -46
c 51 53 -46
c 51 55 -46
c 51 57 -45
c 51 58 -42
c 51 61 -46
c 51 63 -41
c 51 65 -45
c 51 69 -40
c 51 70 -43
c 51 71 -46
c 51 72 -46
bu 0 76
bu 1 294
bu 2 92
bu 3 201
bu 4 243
bu 5 57
bu 6 61
bu 7 257
bu 8 135
bu 9 247
bu 10 92
bu 11 191
bu 12 237
bu 13 238
bu 14 111
bu 15 261
bu 16 68
bu 17 48
bu 18 30
bu 19 201
bu 20 48
bu 21 248
bu 22 152
bu 23 143
bu 24 127
bu 25 130
bu 26 103
bu 27 275
bu 28 27
bu 29 158
bu 30 152
bu 31 10
bu 32 112
bu 33 118
bu 34 96
bu 35 90
bu 36 113
bu 37 195
bu 38 186
bu 39 67
bu 40 197
bu 41 52
bu 42 185
bu 43 94
bu 44 174
bu 45 79
bu 46 103
bu 47 148
bu 48 82
bu 49 57
bu 50 153
bu 51 105
bu 52 201
bu 53 148
bu 54 298
bu 55 87
bu 56 64
bu 57 74
bu 58 279
bu 59 148
bu 60 144
bu 61 205
bu 62 184
bu 63 291
bu 64 143
bu 65 125
bu 66 37
bu 67 49
bu 68 276
bu 69 19
bu 70 154
bu 71 39
bu 72 46
q 0 0 65.89
q 0 1 3.16
q 0 2 63.75
q 0 3 69.38
q 0 4 73.11
q 0 5 75.98
q 0 6 26.32
q 0 7 10.24
q 0 8 46.66
q 0 9 77.22
q 0 10 1.96
q 0 11 22.86
q 0 12 4.7
q 0 13 2.77
q 0 14 79.44
q 0 15 77.13
q 0 16 46.3
q 0 17 -65.89
q 0 18 -3.16
q 0 19 -63.75
q 0 20 -69.38
q 0 21 -73.11
q 0 22 -75.98
q 0 23 -26.32
q 0 24 -10.24
q 0 25 -46.66
q 0 26 -77.22
q 0 27 -1.96
q 0 28 -22.86
q 0 29 -4.7
q 0 30 -2.77
q 0 31 -79.44
q 0 32 -77.13
q 0 33 -46.3
q 1 0 13.96
q 1 1 27.23
q 1 2 15.63
q 1 3 4.65
q 1 4 66.69
q 1 5 8.65
q 1 6 58.37
q 1 7 73.81
q 1 8 7.34
q 1 9 50.6
q 1 10 20.84
q 1 11 3.76
q 1 12 25.11
q 1 13 55.44
q 1 14 38.82
q 1 15 44.16
q 1 16 65.3
q 1 17 -13.96
q 1 18 -27.23
q 1 19 -15.63
q 1 20 -4.65
q 1 21 -66.69
q 1 22 -8.65
q 1 23 -58.37
q 1 24 -73.81
q 1 25 -7.34
q 1 26 -50.6
q 1 27 -20.84
q 1 28 -3.76
q 1 29 -25.11
q 1 30 -55.44
q 1 31 -38.82
q 1 32 -44.16
q 1 33 -65.3
q 2 0 37.77
q 2 1 42.13
q 2 2 79.13
q 2 3 29.39
q 2 4 23.26
q 2 5 33.79
q 2 6 74.02
q 2 7 0.08
q 2 8 37.22
q 2 9 78.61
q 2 10 33.42
q 2 11 61.88
q 2 12 19.52
q 2 13 58.97
q 2 14 42.24
q 2 15 7.93
q 2 16 35.07
q 2 17 -37.77
q 2 18 -42.13
q 2 19 -79.13
q 2 20 -29.39
q 2 21 -23.26
q 2 22 -33.79
q 2 23 -74.02
q 2 24 -0.08
q 2 25 -37.22
q 2 26 -78.61
q 2 27 -33.42
q 2 28 -61.88
q 2 29 -19.52
q 2 30 -58.97
q 2 31 -42.24
q 2 32 -7.93
q 2 33 -35.07
q 3 0 24.42
q 3 1 3.78
q 3 2 2.32
q 3 3 1.24
q 3 4 62.62
q 3 5 46.08
q 3 6 75.44
q 3 7 1.84
q 3 8 42.31
q 3 9 10.57
q 3 10 20.2
q 3 11 71.67
q 3 12 44.96
q 3 13 40.9
q 3 14 63.45
q 3 15 43.99
q 3 16 1.97
q 3 17 -24.42
q 3 18 -3.78
q 3 19 -2.32
q 3 20 -1.24
q 3 21 -62.62
q 3 22 -46.08
q 3 23 -75.44
q 3 24 -1.84
q 3 25 -42.31
q 3 26 -10.57
q 3 27 -20.2
q 3 28 -71.67
q 3 29 -44.96
q 3 30 -40.9
q 3 31 -63.45
q 3 32 -43.99
q 3 33 -1.97
q 4 0 59.29
q 4 1 4.24
q 4 2 78.83
q 4 3 32.64
q 4 4 40.3
q 4 5 35.85
q 4 6 12.29
q 4 7 29.04
q 4 8 24.22
q 4 9 57.97
q 4 10 2.93
q 4 11 42.06
q 4 12 15.1
q 4 13 59.55
q 4 14 51.86
q 4 15 26.98
q 4 16 70.39
q 4 17 -59.29
q 4 18 -4.24
q 4 19 -78.83
q 4 20 -32.64
q 4 21 -40.3
q 4 22 -35.85
q 4 23 -12.29
q 4 24 -29.04
q 4 25 -24.22
q 4 26 -57.97
q 4 27 -2.93
q 4 28 -42.06
q 4 29 -15.1
q 4 30 -59.55
q 4 31 -51.86
q 4 32 -26.98
q 4 33 -70.39
q 5 0 30.49
q 5 1 47.99
q 5 2 73.43
q 5 3 23.76
q 5 4 62.88
q 5 5 3.13
q 5 6 53.95
q 5 7 50.62
q 5 8 53.87
q 5 9 74.29
q 5 10 8.31
q 5 11 53.78
q 5 12 43.94
q 5 13 40.52
q 5 14 58.55
q 5 15 67.71
q 5 16 43.98
q 5 17 -30.49
q 5 18 -47.99
q 5 19 -73.43
q 5 20 -23.76
q 5 21 -62.88
q 5 22 -3.13
q 5 23 -53.95
q 5 24 -50.62
q 5 25 -53.87
q 5 26 -74.29
q 5 27 -8.31
q 5 28 -53.78
q 5 29 -43.94
q 5 30 -40.52
q 5 31 -58.55
q 5 32 -67.71
q 5 33 -43.98
q 6 0 21.45
q 6 1 76.22
q 6 2 32.19
q 6 3 6.46
q 6 4 25.03
q 6 5 62.78
q 6 6 56.65
q 6 7 8.83
q 6 8 38.29
q 6 9 72.06
q 6 10 35.42
q 6 11 29.57
q 6 12 29.74
q 6 13 27.5
q 6 14 60.13
q 6 15 78.95
q 6 16 33.84
q 6 17 -21.45
q 6 18 -76.22
q 6 19 -32.19
q 6 20 -6.46
q 6 21 -25.03
q 6 22 -62.78
q 6 23 -56.65
q 6 24 -8.83
q 6 25 -38.29
q 6 26 -72.06
q 6 27 -35.42
q 6 28 -29.57
q 6 29 -29.74
q 6 30 -27.5
q 6 31 -60.13
q 6 32 -78.95
q 6 33 -33.84
q 7 0 63.98
q 7 1 12.71
q 7 2 9.43
q 7 3 11.29
q 7 4 25.26
q 7 5 40.78
q 7 6 66.5
q 7 7 15.08
q 7 8 52.1
q 7 9 53.89
q 7 10 4.18
q 7 11 8.45
q 7 12 57.12
q 7 13 36.5
q 7 14 35.23
q 7 15 0.48
q 7 16 41.84
q 7 17 -63.98
q 7 18 -12.71
q 7 19 -9.43
q 7 20 -11.29
q 7 21 -25.26
q 7 22 -40.78
q 7 23 -66.5
q 7 24 -15.08
q 7 25 -52.1
q 7 26 -53.89
q 7 27 -4.18
q 7 28 -8.45
q 7 29 -57.12
q 7 30 -36.5
q 7 31 -35.23
q 7 32 -0.48
q 7 33 -41.84
q 8 0 61.47
q 8 1 10.25
q 8 2 27.95
q 8 3 4.67
q 8 4 60.51
q 8 5 60.76
q 8 6 54.33
q 8 7 1.01
q 8 8 28.83
q 8 9 76.83
q 8 10 50.47
q 8 11 45.36
q 8 12 56.03
q 8 13 40.87
q 8 14 35.4
q 8 15 58.37
q 8 16 20.13
q 8 17 -61.47
q 8 18 -10.25
q 8 19 -27.95
q 8 20 -4.67
q 8 21 -60.51
q 8 22 -60.76
q 8 23 -54.33
q 8 24 -1.01
q 8 25 -28.83
q 8 26 -76.83
q 8 27 -50.47
q 8 28 -45.36
q 8 29 -56.03
q 8 30 -40.87
q 8 31 -35.4
q 8 32 -58.37
q 8 33 -20.13
q 9 0 6.54
q 9 1 74.24
q 9 2 58.79
q 9 3 75.32
q 9 4 37.98
q 9 5 34.68
q 9 6 31.84
q 9 7 74.41
q 9 8 14.29
q 9 9 51.15
q 9 10 73.42
q 9 11 66.19
q 9 12 41.04
q 9 13 30.04
q 9 14 27.78
q 9 15 55.44
q 9 16 22.54
q 9 17 -6.54
q 9 18 -74.24
q 9 19 -58.79
q 9 20 -75.32
q 9 21 -37.98
q 9 22 -34.68
q 9 23 -31.84
q 9 24 -74.41
q 9 25 -14.29
q 9 26 -51.15
q 9 27 -73.42
q 9 28 -66.19
q 9 29 -41.04
q 9 30 -30.04
q 9 31 -27.78
q 9 32 -55.44
q 9 33 -22.54
q 10 0 39.68
q 10 1 7.68
q 10 2 14.31
q 10 3 21.88
q 10 4 52.2
q 10 5 28.55
q 10 6 20.57
q 10 7 0.12
q 10 8 61.71
q 10 9 6.47
q 10 10 67.31
q 10 11 10.76
q 10 12 54.37
q 10 13 3.65
q 10 14 25.78
q 10 15 22.99
q 10 16 44.6
q 10 17 -39.68
q 10 18 -7.68
q 10 19 -14.31
q 10 20 -21.88
q 10 21 -52.2
q 10 22 -28.55
q 10 23 -20.57
q 10 24 -0.12
q 10 25 -61.71
q 10 26 -6.47
q 10 27 -67.31
q 10 28 -10.76
q 10 29 -54.37
q 10 30 -3.65
q 10 31 -25.78
q 10 32 -22.99
q 10 33 -44.6
q 11 0 3.46
q 11 1 17.56
q 11 2 28.75
q 11 3 29.47
q 11 4 20.49
q 11 5 20.99
q 11 6 69.17
q 11 7 57.53
q 11 8 31.44
q 11 9 62.87
q 11 10 49.57
q 11 11 41.85
q 11 12 14.19
q 11 13 18.86
q 11 14 36.47
q 11 15 50.56
q 11 16 57.58
q 11 17 -3.46
q 11 18 -17.56
q 11 19 -28.75
q 11 20 -29.47
q 11 21 -20.49
q 11 22 -20.99
q 11 23 -69.17
q 11 24 -57.53
q 11 25 -31.44
q 11 26 -62.87
q 11 27 -49.57
q 11 28 -41.85
q 11 29 -14.19
q 11 30 -18.86
q 11 31 -36.47
q 11 32 -50.56
q 11 33 -57.58
q 12 0 20.16
q 12 1 0.91
q 12 2 16.86
q 12 3 21.12
q 12 4 41.55
q 12 5 10.4
q 12 6 77.33
q 12 7 57.42
q 12 8 54.68
q 12 9 35.74
q 12 10 39.87
q 12 11 29.62
q 12 12 64.65
q 12 13 50.92
q 12 14 47.2
q 12 15 60.65
q 12 16 28.16
q 12 17 -20.16
q 12 18 -0.91
q 12 19 -16.86
q 12 20 -21.12
q 12 21 -41.55
q 12 22 -10.4
q 12 23 -77.33
q 12 24 -57.42
q 12 25 -54.68
q 12 26 -35.74
q 12 27 -39.87
q 12 28 -29.62
q 12 29 -64.65
q 12 30 -50.92
q 12 31 -47.2
q 12 32 -60.65
q 12 33 -28.16
q 13 0 66.16
q 13 1 37.49
q 13 2 71.52
q 13 3 43.61
q 13 4 30.8
q 13 5 9.41
q 13 6 3.94
q 13 7 41.76
q 13 8 57.95
q 13 9 7.19
q 13 10 11.79
q 13 11 7.45
q 13 12 64.15
q 13 13 62.22
q 13 14 10.44
q 13 15 55.32
q 13 16 31.11
q 13 17 -66.16
q 13 18 -37.49
q 13 19 -71.52
q 13 20 -43.61
q 13 21 -30.8
q 13 22 -9.41
q 13 23 -3.94
q 13 24 -41.76
q 13 25 -57.95
q 13 26 -7.19
q 13 27 -11.79
q 13 28 -7.45
q 13 29 -64.15
q 13 30 -62.22
q 13 31 -10.44
q 13 32 -55.32
q 13 33 -31.11
q 14 0 27.54
q 14 1 48.79
q 14 2 56.02
q 14 3 13.21
q 14 4 1.83
q 14 5 62.39
q 14 6 2.28
q 14 7 62.16
q 14 8 79.93
q 14 9 16.44
q 14 10 61.32
q 14 11 52.15
q 14 12 60.8
q 14 13 23.08
q 14 14 69.89
q 14 15 76.11
q 14 16 43.38
q 14 17 -27.54
q 14 18 -48.79
q 14 19 -56.02
q 14 20 -13.21
q 14 21 -1.83
q 14 22 -62.39
q 14 23 -2.28
q 14 24 -62.16
q 14 25 -79.93
q 14 26 -16.44
q 14 27 -61.32
q 14 28 -52.15
q 14 29 -60.8
q 14 30 -23.08
q 14 31 -69.89
q 14 32 -76.11
q 14 33 -43.38
q 15 0 19.7
q 15 1 69.96
q 15 2 20.89
q 15 3 12.92
q 15 4 35.87
q 15 5 17.4
q 15 6 51.57
q 15 7 7.83
q 15 8 18.42
q 15 9 32.94
q 15 10 38.11
q 15 11 61.32
q 15 12 42.95
q 15 13 0.28
q 15 14 79.64
q 15 15 47.19
q 15 16 20.04
q 15 17 -19.7
q 15 18 -69.96
q 15 19 -20.89
q 15 20 -12.92
q 15 21 -35.87
q 15 22 -17.4
q 15 23 -51.57
q 15 24 -7.83
q 15 25 -18.42
q 15 26 -32.94
q 15 27 -38.11
q 15 28 -61.32
q 15 29 -42.95
q 15 30 -0.28
q 15 31 -79.64
q 15 32 -47.19
q 15 33 -20.04
q 16 0 30.75
q 16 1 1.54
q 16 2 78.73
q 16 3 2.97
q 16 4 76.16
q 16 5 37.46
q 16 6 2
q 16 7 30.09
q 16 8 15.75
q 16 9 64.77
q 16 10 13.74
q 16 11 66.56
q 16 12 28.97
q 16 13 60.02
q 16 14 42.45
q 16 15 79.74
q 16 16 60.49
q 16 17 -30.75
q 16 18 -1.54
q 16 19 -78.73
q 16 20 -2.97
q 16 21 -76.16
q 16 22 -37.46
q 16 23 -2
q 16 24 -30.09
q 16 25 -15.75
q 16 26 -64.77
q 16 27 -13.74
q 16 28 -66.56
q 16 29 -28.97
q 16 30 -60.02
q 16 31 -42.45
q 16 32 -79.74
q 16 33 -60.49
q 17 0 23.83
q 17 1 14
q 17 2 10.49
q 17 3 0.45
q 17 4 78.62
q 17 5 56.15
q 17 6 63.36
q 17 7 19.75
q 17 8 53.11
q 17 9 47.25
q 17 10 35.57
q 17 11 63.38
q 17 12 2.15
q 17 13 71.1
q 17 14 54.3
q 17 15 25.86
q 17 16 78.89
q 17 17 -23.83
q 17 18 -14
q 17 19 -10.49
q 17 20 -0.45
q 17 21 -78.62
q 17 22 -56.15
q 17 23 -63.36
q 17 24 -19.75
q 17 25 -53.11
q 17 26 -47.25
q 17 27 -35.57
q 17 28 -63.38
q 17 29 -2.15
q 17 30 -71.1
q 17 31 -54.3
q 17 32 -25.86
q 17 33 -78.89
q 18 0 3.15
q 18 1 40.71
q 18 2 29.26
q 18 3 47.4
q 18 4 22.52
q 18 5 65.56
q 18 6 20.73
q 18 7 30.09
q 18 8 33.79
q 18 9 14.53
q 18 10 13.05
q 18 11 77.16
q 18 12 3.73
q 18 13 42.72
q 18 14 64.93
q 18 15 19.95
q 18 16 37.94
q 18 17 -3.15
q 18 18 -40.71
q 18 19 -29.26
q 18 20 -47.4
q 18 21 -22.52
q 18 22 -65.56
q 18 23 -20.73
q 18 24 -30.09
q 18 25 -33.79
q 18 26 -14.53
q 18 27 -13.05
q 18 28 -77.16
q 18 29 -3.73
q 18 30 -42.72
q 18 31 -64.93
q 18 32 -19.95
q 18 33 -37.94
q 19 0 78.35
q 19 1 60.95
q 19 2 59.94
q 19 3 24.22
q 19 4 59.49
q 19 5 13.16
q 19 6 28.22
q 19 7 73.95
q 19 8 8.42
q 19 9 42.04
q 19 10 42.77
q 19 11 34.5
q 19 12 32.27
q 19 13 27.11
q 19 14 72.67
q 19 15 18.32
q 19 16 42.53
q 19 17 -78.35
q 19 18 -60.95
q 19 19 -59.94
q 19 20 -24.22
q 19 21 -59.49
q 19 22 -13.16
q 19 23 -28.22
q 19 24 -73.95
q 19 25 -8.42
q 19 26 -42.04
q 19 27 -42.77
q 19 28 -34.5
q 19 29 -32.27
q 19 30 -27.11
q 19 31 -72.67
q 19 32 -18.32
q 19 33 -42.53
q 20 0 53.05
q 20 1 48.58
q 20 2 5.59
q 20 3 17.98
q 20 4 70.82
q 20 5 19.89
q 20 6 11.91
q 20 7 75.39
q 20 8 65.63
q 20 9 72.2
q 20 10 12.21
q 20 11 70.39
q 20 12 40.41
q 20 13 49.1
q 20 14 32.98
q 20 15 9.15
q 20 16 18.22
q 20 17 -53.05
q 20 18 -48.58
q 20 19 -5.59
q 20 20 -17.98
q 20 21 -70.82
q 20 22 -19.89
q 20 23 -11.91
q 20 24 -75.39
q 20 25 -65.63
q 20 26 -72.2
q 20 27 -12.21
q 20 28 -70.39
q 20 29 -40.41
q 20 30 -49.1
q 20 31 -32.98
q 20 32 -9.15
q 20 33 -18.22
q 21 0 14.21
q 21 1 41.97
q 21 2 63.25
q 21 3 39.06
q 21 4 29.2
q 21 5 25.8
q 21 6 50.06
q 21 7 20.48
q 21 8 79.34
q 21 9 79.27
q 21 10 44.12
q 21 11 39.81
q 21 12 58.01
q 21 13 36.27
q 21 14 48.91
q 21 15 75.7
q 21 16 36.27
q 21 17 -14.21
q 21 18 -41.97
q 21 19 -63.25
q 21 20 -39.06
q 21 21 -29.2
q 21 22 -25.8
q 21 23 -50.06
q 21 24 -20.48
q 21 25 -79.34
q 21 26 -79.27
q 21 27 -44.12
q 21 28 -39.81
q 21 29 -58.01
q 21 30 -36.27
q 21 31 -48.91
q 21 32 -75.7
q 21 33 -36.27
q 22 0 10.67
q 22 1 1.41
q 22 2 22.94
q 22 3 24.01
q 22 4 40.25
q 22 5 52.64
q 22 6 57.14
q 22 7 68.16
q 22 8 69.97
q 22 9 7.23
q 22 10 31.16
q 22 11 4.54
q 22 12 77.98
q 22 13 66.3
q 22 14 77.28
q 22 15 18.44
q 22 16 44.44
q 22 17 -10.67
q 22 18 -1.41
q 22 19 -22.94
q 22 20 -24.01
q 22 21 -40.25
q 22 22 -52.64
q 22 23 -57.14
q 22 24 -68.16
q 22 25 -69.97
q 22 26 -7.23
q 22 27 -31.16
q 22 28 -4.54
q 22 29 -77.98
q 22 30 -66.3
q 22 31 -77.28
q 22 32 -18.44
q 22 33 -44.44
q 23 0 22.4
q 23 1 55.27
q 23 2 11.26
q 23 3 47.54
q 23 4 19.09
q 23 5 64.12
q 23 6 53.98
q 23 7 19.68
q 23 8 15.47
q 23 9 4.3
q 23 10 71.75
q 23 11 22.52
q 23 12 44.92
q 23 13 26.73
q 23 14 47.56
q 23 15 9.32
q 23 16 15.61
q 23 17 -22.4
q 23 18 -55.27
q 23 19 -11.26
q 23 20 -47.54
q 23 21 -19.09
q 23 22 -64.12
q 23 23 -53.98
q 23 24 -19.68
q 23 25 -15.47
q 23 26 -4.3
q 23 27 -71.75
q 23 28 -22.52
q 23 29 -44.92
q 23 30 -26.73
q 23 31 -47.56
q 23 32 -9.32
q 23 33 -15.61
q 24 0 68.45
q 24 1 58.15
q 24 2 4.01
q 24 3 27.89
q 24 4 32.55
q 24 5 44.6
q 24 6 76.55
q 24 7 50.29
q 24 8 29.75
q 24 9 77.14
q 24 10 34.15
q 24 11 4.37
q 24 12 51.88
q 24 13 23.79
q 24 14 28.08
q 24 15 11.65
q 24 16 34.45
q 24 17 -68.45
q 24 18 -58.15
q 24 19 -4.01
q 24 20 -27.89
q 24 21 -32.55
q 24 22 -44.6
q 24 23 -76.55
q 24 24 -50.29
q 24 25 -29.75
q 24 26 -77.14
q 24 27 -34.15
q 24 28 -4.37
q 24 29 -51.88
q 24 30 -23.79
q 24 31 -28.08
q 24 32 -11.65
q 24 33 -34.45
q 25 0 62.07
q 25 1 68.24
q 25 2 18.45
q 25 3 70.41
q 25 4 28.97
q 25 5 47.23
q 25 6 71.16
q 25 7 52.92
q 25 8 16.78
q 25 9 4.79
q 25 10 34.06
q 25 11 68.36
q 25 12 39.8
q 25 13 11.1
q 25 14 40.45
q 25 15 76.78
q 25 16 72.13
q 25 17 -62.07
q 25 18 -68.24
q 25 19 -18.45
q 25 20 -70.41
q 25 21 -28.97
q 25 22 -47.23
q 25 23 -71.16
q 25 24 -52.92
q 25 25 -16.78
q 25 26 -4.79
q 25 27 -34.06
q 25 28 -68.36
q 25 29 -39.8
q 25 30 -11.1
q 25 31 -40.45
q 25 32 -76.78
q 25 33 -72.13
q 26 0 47.55
q 26 1 76.63
q 26 2 15.53
q 26 3 21.21
q 26 4 28.23
q 26 5 16.97
q 26 6 39.86
q 26 7 49.89
q 26 8 40.86
q 26 9 69.29
q 26 10 14.05
q 26 11 46.65
q 26 12 16.11
q 26 13 36.02
q 26 14 58.54
q 26 15 65.08
q 26 16 59.43
q 26 17 -47.55
q 26 18 -76.63
q 26 19 -15.53
q 26 20 -21.21
q 26 21 -28.23
q 26 22 -16.97
q 26 23 -39.86
q 26 24 -49.89
q 26 25 -40.86
q 26 26 -69.29
q 26 27 -14.05
q 26 28 -46.65
q 26 29 -16.11
q 26 30 -36.02
q 26 31 -58.54
q 26 32 -65.08
q 26 33 -59.43
q 27 0 2.68
q 27 1 56.31
q 27 2 67.95
q 27 3 74.47
q 27 4 76.84
q 27 5 28.68
q 27 6 36.76
q 27 7 65.91
q 27 8 54.85
q 27 9 33.33
q 27 10 4.42
q 27 11 78.39
q 27 12 38.27
q 27 13 10.72
q 27 14 18.37
q 27 15 34.44
q 27 16 16.82
q 27 17 -2.68
q 27 18 -56.31
q 27 19 -67.95
q 27 20 -74.47
q 27 21 -76.84
q 27 22 -28.68
q 27 23 -36.76
q 27 24 -65.91
q 27 25 -54.85
q 27 26 -33.33
q 27 27 -4.42
q 27 28 -78.39
q 27 29 -38.27
q 27 30 -10.72
q 27 31 -18.37
q 27 32 -34.44
q 27 33 -16.82
q 28 0 29.22
q 28 1 66.6
q 28 2 76.49
q 28 3 50.45
q 28 4 60.7
q 28 5 42.74
q 28 6 55.46
q 28 7 41.45
q 28 8 10.2
q 28 9 55.11
q 28 10 12.96
q 28 11 2.07
q 28 12 64.72
q 28 13 23.24
q 28 14 27.14
q 28 15 77.88
q 28 16 42.29
q 28 17 -29.22
q 28 18 -66.6
q 28 19 -76.49
q 28 20 -50.45
q 28 21 -60.7
q 28 22 -42.74
q 28 23 -55.46
q 28 24 -41.45
q 28 25 -10.2
q 28 26 -55.11
q 28 27 -12.96
q 28 28 -2.07
q 28 29 -64.72
q 28 30 -23.24
q 28 31 -27.14
q 28 32 -77.88
q 28 33 -42.29
q 29 0 62.45
q 29 1 78.03
q 29 2 78.44
q 29 3 65.35
q 29 4 41.1
q 29 5 40.64
q 29 6 20.37
q 29 7 29.29
q 29 8 35.95
q 29 9 30.39
q 29 10 63.98
q 29 11 13.16
q 29 12 40.66
q 29 13 41.61
q 29 14 30.28
q 29 15 53.46
q 29 16 32.5
q 29 17 -62.45
q 29 18 -78.03
q 29 19 -78.44
q 29 20 -65.35
q 29 21 -41.1
q 29 22 -40.64
q 29 23 -20.37
q 29 24 -29.29
q 29 25 -35.95
q 29 26 -30.39
q 29 27 -63.98
q 29 28 -13.16
q 29 29 -40.66
q 29 30 -41.61
q 29 31 -30.28
q 29 32 -53.46
q 29 33 -32.5
q 30 0 5.46
q 30 1 3.06
q 30 2 32.9
q 30 3 27.72
q 30 4 77.23
q 30 5 41.54
q 30 6 3.86
q 30 7 70.65
q 30 8 67.72
q 30 9 56.91
q 30 10 3.05
q 30 11 42.87
q 30 12 18.14
q 30 13 14.56
q 30 14 52.94
q 30 15 23.64
q 30 16 40.56
q 30 17 -5.46
q 30 18 -3.06
q 30 19 -32.9
q 30 20 -27.72
q 30 21 -77.23
q 30 22 -41.54
q 30 23 -3.86
q 30 24 -70.65
q 30 25 -67.72
q 30 26 -56.91
q 30 27 -3.05
q 30 28 -42.87
q 30 29 -18.14
q 30 30 -14.56
q 30 31 -52.94
q 30 32 -23.64
q 30 33 -40.56
q 31 0 79.37
q 31 1 29.16
q 31 2 20.2
q 31 3 76.65
q 31 4 60.46
q 31 5 9.8
q 31 6 76.49
q 31 7 76.12
q 31 8 43
q 31 9 45.46
q 31 10 23.34
q 31 11 7.6
q 31 12 36.97
q 31 13 38.72
q 31 14 13.22
q 31 15 8.44
q 31 16 17.41
q 31 17 -79.37
q 31 18 -29.16
q 31 19 -20.2
q 31 20 -76.65
q 31 21 -60.46
q 31 22 -9.8
q 31 23 -76.49
q 31 24 -76.12
q 31 25 -43
q 31 26 -45.46
q 31 27 -23.34
q 31 28 -7.6
q 31 29 -36.97
q 31 30 -38.72
q 31 31 -13.22
q 31 32 -8.44
q 31 33 -17.41
q 32 0 26.02
q 32 1 74.4
q 32 2 55.37
q 32 3 19.21
q 32 4 4.86
q 32 5 45.24
q 32 6 6.76
q 32 7 55.08
q 32 8 45.57
q 32 9 18.03
q 32 10 20.17
q 32 11 13.23
q 32 12 34.09
q 32 13 79.55
q 32 14 11.81
q 32 15 75.54
q 32 16 22.13
q 32 17 -26.02
q 32 18 -74.4
q 32 19 -55.37
q 32 20 -19.21
q 32 21 -4.86
q 32 22 -45.24
q 32 23 -6.76
q 32 24 -55.08
q 32 25 -45.57
q 32 26 -18.03
q 32 27 -20.17
q 32 28 -13.23
q 32 29 -34.09
q 32 30 -79.55
q 32 31 -11.81
q 32 32 -75.54
q 32 33 -22.13
q 33 0 71.12
q 33 1 19.51
q 33 2 46.83
q 33 3 31.84
q 33 4 15.36
q 33 5 16.54
q 33 6 57.01
q 33 7 77.38
q 33 8 60.69
q 33 9 14.81
q 33 10 21.95
q 33 11 16.48
q 33 12 50.45
q 33 13 3.54
q 33 14 25.32
q 33 15 67.6
q 33 16 5.68
q 33 17 -71.12
q 33 18 -19.51
q 33 19 -46.83
q 33 20 -31.84
q 33 21 -15.36
q 33 22 -16.54
q 33 23 -57.01
q 33 24 -77.38
q 33 25 -60.69
q 33 26 -14.81
q 33 27 -21.95
q 33 28 -16.48
q 33 29 -50.45
q 33 30 -3.54
q 33 31 -25.32
q 33 32 -67.6
q 33 33 -5.68
q 34 0 0.98
q 34 1 44.56
q 34 2 25.22
q 34 3 33.68
q 34 4 75.26
q 34 5 33.16
q 34 6 6.98
q 34 7 15.06
q 34 8 36.24
q 34 9 42.85
q 34 10 46.48
q 34 11 57.43
q 34 12 8.77
q 34 13 68.25
q 34 14 66.86
q 34 15 13.45
q 34 16 61.81
q 34 17 -0.98
q 34 18 -44.56
q 34 19 -25.22
q 34 20 -33.68
q 34 21 -75.26
q 34 22 -33.16
q 34 23 -6.98
q 34 24 -15.06
q 34 25 -36.24
q 34 26 -42.85
q 34 27 -46.48
q 34 28 -57.43
q 34 29 -8.77
q 34 30 -68.25
q 34 31 -66.86
q 34 32 -13.45
q 34 33 -61.81
q 52 0 87.48
q 52 1 76.3
q 52 2 90.78
q 52 3 57.42
q 52 4 62.21
q 52 5 43.64
q 52 6 84.29
q 52 7 79.76
q 52 8 87.61
q 52 9 36.27
q 52 10 79.76
q 52 11 57.61
q 52 12 38.07
q 52 13 38.72
q 52 14 89.59
q 52 15 83.38
q 52 16 23.16
q 52 17 -5.24
q 52 18 -9.98
q 52 19 -6.03
q 52 20 -3.91
q 52 21 -14.37
q 52 22 -17.13
q 52 23 -11.68
q 52 24 -11.46
q 52 25 -18.82
q 52 26 -6.56
q 52 27 -0.84
q 52 28 -2.08
q 52 29 -11.15
q 52 30 -13.44
q 52 31 -5.95
q 52 32 -5.81
q 52 33 -0.62
q 53 0 85.84
q 53 1 74.89
q 53 2 36.87
q 53 3 25.85
q 53 4 42.37
q 53 5 20.16
q 53 6 51.28
q 53 7 85.02
q 53 8 65.33
q 53 9 78.07
q 53 10 70.51
q 53 11 32.84
q 53 12 69.9
q 53 13 72.31
q 53 14 39.46
q 53 15 49.55
q 53 16 44.42
q 53 17 -15.37
q 53 18 -15.33
q 53 19 -11.99
q 53 20 -13.06
q 53 21 -4.23
q 53 22 -9.38
q 53 23 -13.26
q 53 24 -8.03
q 53 25 -14.03
q 53 26 -12.89
q 53 27 -8.72
q 53 28 -3.71
q 53 29 -13.24
q 53 30 -18.9
q 53 31 -14.06
q 53 32 -11.18
q 53 33 -4.17
q 54 0 34.79
q 54 1 44.03
q 54 2 90.04
q 54 3 91.06
q 54 4 49.85
q 54 5 44.09
q 54 6 56.45
q 54 7 48.26
q 54 8 97.78
q 54 9 41.66
q 54 10 90.91
q 54 11 44.92
q 54 12 68.31
q 54 13 91.66
q 54 14 62.06
q 54 15 51
q 54 16 80.36
q 54 17 -11.74
q 54 18 -5.18
q 54 19 -1.77
q 54 20 -5.35
q 54 21 -6.3
q 54 22 -13.47
q 54 23 -6.17
q 54 24 -14.75
q 54 25 -6
q 54 26 -3.37
q 54 27 -8.4
q 54 28 -5.37
q 54 29 -6.71
q 54 30 -2.4
q 54 31 -2.42
q 54 32 -15.91
q 54 33 -11.73
q 55 0 98.07
q 55 1 23.3
q 55 2 91.71
q 55 3 63.49
q 55 4 20.06
q 55 5 81.67
q 55 6 91.96
q 55 7 72.08
q 55 8 27.21
q 55 9 91.21
q 55 10 84.67
q 55 11 32.62
q 55 12 29.19
q 55 13 98.95
q 55 14 21.09
q 55 15 63.73
q 55 16 31.88
q 55 17 -12.22
q 55 18 -2.06
q 55 19 -0.95
q 55 20 -2.84
q 55 21 -5.81
q 55 22 -18.37
q 55 23 -0.24
q 55 24 -4.08
q 55 25 -4.54
q 55 26 -19.28
q 55 27 -16.24
q 55 28 -12.83
q 55 29 -3.21
q 55 30 -18.53
q 55 31 -15.07
q 55 32 -1.58
q 55 33 -7.88
q 56 0 73.75
q 56 1 97.61
q 56 2 67.34
q 56 3 80.2
q 56 4 37.09
q 56 5 54.01
q 56 6 36.32
q 56 7 29.52
q 56 8 71.33
q 56 9 38.73
q 56 10 61.31
q 56 11 25.82
q 56 12 55.31
q 56 13 53.36
q 56 14 28.04
q 56 15 24.01
q 56 16 64.67
q 56 17 -2.2
q 56 18 -16.51
q 56 19 -15.01
q 56 20 -16.81
q 56 21 -15.23
q 56 22 -14.38
q 56 23 -19.5
q 56 24 -8.93
q 56 25 -15.91
q 56 26 -5.54
q 56 27 -13.82
q 56 28 -7.46
q 56 29 -18.68
q 56 30 -2.66
q 56 31 -15.3
q 56 32 -0.01
q 56 33 -2.47
q 57 0 79.27
q 57 1 51.25
q 57 2 79.79
q 57 3 56.2
q 57 4 52
q 57 5 46.02
q 57 6 50.52
q 57 7 99.84
q 57 8 25.14
q 57 9 38.7
q 57 10 81.73
q 57 11 23.44
q 57 12 34.84
q 57 13 93.82
q 57 14 59.64
q 57 15 93.34
q 57 16 62.57
q 57 17 -7.54
q 57 18 -7.62
q 57 19 -15.56
q 57 20 -10.02
q 57 21 -3.64
q 57 22 -6.14
q 57 23 -7.2
q 57 24 -1.95
q 57 25 -2.98
q 57 26 -1.62
q 57 27 -15.04
q 57 28 -13.82
q 57 29 -6.97
q 57 30 -10.96
q 57 31 -14.69
q 57 32 -15.76
q 57 33 -14.02
q 58 0 40.94
q 58 1 64.45
q 58 2 55.93
q 58 3 40.18
q 58 4 83.38
q 58 5 69.09
q 58 6 63.71
q 58 7 73.9
q 58 8 72.75
q 58 9 43.84
q 58 10 83.78
q 58 11 67.29
q 58 12 69.71
q 58 13 35.8
q 58 14 41.83
q 58 15 26.98
q 58 16 86.97
q 58 17 -16.5
q 58 18 -11.94
q 58 19 -19.06
q 58 20 -3.21
q 58 21 -17.67
q 58 22 -17.38
q 58 23 -12.28
q 58 24 -9.27
q 58 25 -17.27
q 58 26 -16.14
q 58 27 -0.17
q 58 28 -13.14
q 58 29 -0.04
q 58 30 -14.87
q 58 31 -1.18
q 58 32 -19.91
q 58 33 -5.66
q 59 0 47.36
q 59 1 83.05
q 59 2 46.32
q 59 3 48.8
q 59 4 67.92
q 59 5 69.87
q 59 6 31.95
q 59 7 80.33
q 59 8 95.06
q 59 9 70.3
q 59 10 37.64
q 59 11 54.07
q 59 12 86.13
q 59 13 89.11
q 59 14 91.72
q 59 15 41.7
q 59 16 68.09
q 59 17 -4.63
q 59 18 -3.83
q 59 19 -11.41
q 59 20 -7.81
q 59 21 -3.81
q 59 22 -8.62
q 59 23 -9.61
q 59 24 -4.1
q 59 25 -17.71
q 59 26 -10.98
q 59 27 -16.57
q 59 28 -9.14
q 59 29 -12.84
q 59 30 -13.08
q 59 31 -19.16
q 59 32 -9.91
q 59 33 -5.89
q 60 0 54.71
q 60 1 41.48
q 60 2 34.12
q 60 3 95.04
q 60 4 20.06
q 60 5 27.38
q 60 6 23.93
q 60 7 22.68
q 60 8 94.64
q 60 9 35.4
q 60 10 33.87
q 60 11 80.57
q 60 12 33.35
q 60 13 97.6
q 60 14 36.01
q 60 15 53.19
q 60 16 47.08
q 60 17 -18.83
q 60 18 -9.39
q 60 19 -14.59
q 60 20 -14.52
q 60 21 -8.91
q 60 22 -13.55
q 60 23 -13.78
q 60 24 -14.37
q 60 25 -12.67
q 60 26 -9.74
q 60 27 -18.56
q 60 28 -2.01
q 60 29 -13.21
q 60 30 -13.86
q 60 31 -18.85
q 60 32 -14.55
q 60 33 -13.88
q 61 0 35.61
q 61 1 53.97
q 61 2 45.46
q 61 3 57.93
q 61 4 50.88
q 61 5 81.17
q 61 6 76.34
q 61 7 72.79
q 61 8 59.63
q 61 9 27.67
q 61 10 75.21
q 61 11 53.59
q 61 12 32.4
q 61 13 27.19
q 61 14 59.02
q 61 15 66.19
q 61 16 51.72
q 61 17 -8.74
q 61 18 -15.63
q 61 19 -14.94
q 61 20 -0.38
q 61 21 -19.33
q 61 22 -3.3
q 61 23 -7.65
q 61 24 -16.78
q 61 25 -17.19
q 61 26 -7.17
q 61 27 -18.25
q 61 28 -18.49
q 61 29 -15.86
q 61 30 -2.67
q 61 31 -13.89
q 61 32 -4.81
q 61 33 -13.92
q 62 0 31.92
q 62 1 68.08
q 62 2 87.46
q 62 3 31.98
q 62 4 49.02
q 62 5 85.71
q 62 6 38.64
q 62 7 38.52
q 62 8 99.09
q 62 9 67.69
q 62 10 39.76
q 62 11 47.53
q 62 12 89.69
q 62 13 56.92
q 62 14 95.08
q 62 15 51.53
q 62 16 57.92
q 62 17 -6.25
q 62 18 -0.81
q 62 19 -11.44
q 62 20 -6.65
q 62 21 -6.16
q 62 22 -2.94
q 62 23 -4.08
q 62 24 -18.6
q 62 25 -18.11
q 62 26 -6.35
q 62 27 -2.07
q 62 28 -7.62
q 62 29 -5.72
q 62 30 -16.02
q 62 31 -11.28
q 62 32 -12.06
q 62 33 -17.52
q 63 0 43.41
q 63 1 21.87
q 63 2 48.15
q 63 3 23.95
q 63 4 88.36
q 63 5 88.22
q 63 6 84.21
q 63 7 67.34
q 63 8 73.41
q 63 9 80.15
q 63 10 33.94
q 63 11 20.2
q 63 12 41.34
q 63 13 31.26
q 63 14 65.22
q 63 15 73.61
q 63 16 37.08
q 63 17 -18.24
q 63 18 -2.49
q 63 19 -5.96
q 63 20 -5.92
q 63 21 -18.03
q 63 22 -2.04
q 63 23 -4.58
q 63 24 -4.59
q 63 25 -11.88
q 63 26 -10.13
q 63 27 -3.46
q 63 28 -18.39
q 63 29 -19.55
q 63 30 -5.57
q 63 31 -7.23
q 63 32 -16.05
q 63 33 -3.67
q 64 0 41.94
q 64 1 84.37
q 64 2 99.79
q 64 3 58.04
q 64 4 98.92
q 64 5 45.83
q 64 6 41.49
q 64 7 37.86
q 64 8 75.41
q 64 9 24.85
q 64 10 48.62
q 64 11 60.87
q 64 12 28.63
q 64 13 78.33
q 64 14 82.08
q 64 15 54.83
q 64 16 82.93
q 64 17 -0.66
q 64 18 -18.13
q 64 19 -5.33
q 64 20 -2.66
q 64 21 -2.19
q 64 22 -14.99
q 64 23 -0.48
q 64 24 -3.81
q 64 25 -2.12
q 64 26 -17.22
q 64 27 -3.08
q 64 28 -11.98
q 64 29 -1.22
q 64 30 -1.46
q 64 31 -12.65
q 64 32 -1.84
q 64 33 -8.7
q 65 0 61.09
q 65 1 44.77
q 65 2 23.68
q 65 3 27.53
q 65 4 83.39
q 65 5 44.84
q 65 6 80.42
q 65 7 68.07
q 65 8 73.39
q 65 9 66.58
q 65 10 32.79
q 65 11 97.73
q 65 12 48.48
q 65 13 78.63
q 65 14 83.97
q 65 15 29.02
q 65 16 68.37
q 65 17 -2.84
q 65 18 -9.32
q 65 19 -13.04
q 65 20 -8.5
q 65 21 -14.52
q 65 22 -4.95
q 65 23 -18.42
q 65 24 -6.99
q 65 25 -7.26
q 65 26 -14.88
q 65 27 -13.59
q 65 28 -15.31
q 65 29 -9.9
q 65 30 -11.62
q 65 31 -4.45
q 65 32 -2.87
q 65 33 -19.21
q 66 0 99.37
q 66 1 49.54
q 66 2 91.38
q 66 3 85.48
q 66 4 56.21
q 66 5 64.95
q 66 6 96.81
q 66 7 32.71
q 66 8 84.95
q 66 9 21.32
q 66 10 78.7
q 66 11 44.68
q 66 12 39.12
q 66 13 66.87
q 66 14 34.53
q 66 15 44.05
q 66 16 56.42
q 66 17 -4.87
q 66 18 -10.47
q 66 19 -13.22
q 66 20 -5.4
q 66 21 -15.71
q 66 22 -19.78
q 66 23 -12.85
q 66 24 -14.85
q 66 25 -2.81
q 66 26 -4.41
q 66 27 -3.19
q 66 28 -2.21
q 66 29 -17.75
q 66 30 -17.5
q 66 31 -0.15
q 66 32 -7.24
q 66 33 -6.18
q 67 0 46.61
q 67 1 76.45
q 67 2 93.5
q 67 3 54.45
q 67 4 72.36
q 67 5 84.24
q 67 6 86.55
q 67 7 92.02
q 67 8 79.87
q 67 9 80.62
q 67 10 42.23
q 67 11 82.37
q 67 12 31.55
q 67 13 90.76
q 67 14 73.6
q 67 15 45.16
q 67 16 45.79
q 67 17 -18.35
q 67 18 -1.47
q 67 19 -1.89
q 67 20 -10.26
q 67 21 -17.17
q 67 22 -12.94
q 67 23 -17.05
q 67 24 -2.15
q 67 25 -0.99
q 67 26 -9.52
q 67 27 -7.57
q 67 28 -2.97
q 67 29 -10.25
q 67 30 -19.7
q 67 31 -3.55
q 67 32 -18.18
q 67 33 -16.58
q 68 0 76.64
q 68 1 75.34
q 68 2 72.97
q 68 3 90.72
q 68 4 47.63
q 68 5 98
q 68 6 63.79
q 68 7 57.65
q 68 8 61.7
q 68 9 45.81
q 68 10 63.36
q 68 11 64.94
q 68 12 57.65
q 68 13 29.74
q 68 14 60.75
q 68 15 63.05
q 68 16 28.24
q 68 17 -10.96
q 68 18 -16.3
q 68 19 -19.65
q 68 20 -4.96
q 68 21 -15.11
q 68 22 -19.97
q 68 23 -13.72
q 68 24 -14.49
q 68 25 -4.44
q 68 26 -5.52
q 68 27 -19.58
q 68 28 -3.53
q 68 29 -8.64
q 68 30 -9.99
q 68 31 -16.65
q 68 32 -17.51
q 68 33 -18.08
q 69 0 51.16
q 69 1 50.62
q 69 2 57.88
q 69 3 61.34
q 69 4 24.3
q 69 5 98.02
q 69 6 30.92
q 69 7 44.03
q 69 8 33.73
q 69 9 33.53
q 69 10 73.94
q 69 11 39.35
q 69 12 89.37
q 69 13 20.75
q 69 14 66.8
q 69 15 63.57
q 69 16 74.23
q 69 17 -11.5
q 69 18 -4.14
q 69 19 -15.21
q 69 20 -7.71
q 69 21 -3.49
q 69 22 -10.63
q 69 23 -6.79
q 69 24 -18.7
q 69 25 -9.91
q 69 26 -11.98
q 69 27 -0.49
q 69 28 -7.37
q 69 29 -18.45
q 69 30 -8.18
q 69 31 -12.68
q 69 32 -6.73
q 69 33 -19.42
q 70 0 85.71
q 70 1 52.31
q 70 2 60.19
q 70 3 65.41
q 70 4 23.63
q 70 5 39.22
q 70 6 77.16
q 70 7 36.05
q 70 8 65.09
q 70 9 99.63
q 70 10 42.66
q 70 11 85.77
q 70 12 70.19
q 70 13 98.09
q 70 14 48
q 70 15 69.61
q 70 16 39.56
q 70 17 -5.3
q 70 18 -18.42
q 70 19 -19.31
q 70 20 -13.47
q 70 21 -18.46
q 70 22 -6.35
q 70 23 -16.57
q 70 24 -18.28
q 70 25 -3.92
q 70 26 -7.48
q 70 27 -14.35
q 70 28 -0.69
q 70 29 -18.11
q 70 30 -4.35
q 70 31 -1.29
q 70 32 -10.51
q 70 33 -13.88
q 71 0 47.07
q 71 1 72.73
q 71 2 34.31
q 71 3 96.84
q 71 4 66.89
q 71 5 44.55
q 71 6 39.44
q 71 7 35.51
q 71 8 50.01
q 71 9 37.39
q 71 10 73.92
q 71 11 76.87
q 71 12 53.49
q 71 13 44.31
q 71 14 33.36
q 71 15 96.24
q 71 16 22.57
q 71 17 -12.87
q 71 18 -14.79
q 71 19 -2.4
q 71 20 -19.3
q 71 21 -10.26
q 71 22 -10.38
q 71 23 -3.78
q 71 24 -3.18
q 71 25 -18.18
q 71 26 -15.44
q 71 27 -16.37
q 71 28 -19.65
q 71 29 -1.09
q 71 30 -9.93
q 71 31 -3.83
q 71 32 -18.05
q 71 33 -7.89
q 72 0 53.56
q 72 1 96.7
q 72 2 95.87
q 72 3 30.13
q 72 4 66.88
q 72 5 71.59
q 72 6 69.07
q 72 7 56.5
q 72 8 37.88
q 72 9 26.57
q 72 10 78.21
q 72 11 21.45
q 72 12 28.47
q 72 13 75.34
q 72 14 65
q 72 15 53.19
q 72 16 23.71
q 72 17 -15.57
q 72 18 -4.59
q 72 19 -15.55
q 72 20 -4.32
q 72 21 -5.46
q 72 22 -12.11
q 72 23 -10.69
q 72 24 -18.6
q 72 25 -8.06
q 72 26 -18.13
q 72 27 -2.52
q 72 28 -1.44
q 72 29 -9.65
q 72 30 -12.51
q 72 31 -1.31
q 72 32 -11.43
q 72 33 -16.31
