73 34
c 0 38 45
c 0 69 3
c 0 71 2
c 1 36 24
c 1 38 24
c 1 39 24
c 1 41 24
c 1 47 24
c 1 50 24
c 1 52 -17
c 1 53 -26
c 1 59 -23
c 1 61 -17
c 1 62 -22
c 2 35 17
c 2 40 17
c 2 42 17
c 2 44 17
c 2 63 -32
c 3 37 28
c 3 38 28
c 3 39 28
c 3 42 28
c 3 44 28
c 3 48 28
c 3 49 28
c 3 50 28
c 3 62 -18
c 3 68 -20
c 4 36 37
c 4 38 37
c 4 42 37
c 4 43 37
c 4 44 37
c 4 45 37
c 4 49 37
c 4 51 37
c 4 63 -12
c 4 65 -9
c 4 68 -11
c 5 35 45
c 5 41 45
c 5 43 45
c 5 44 45
c 5 45 45
c 5 48 45
c 5 51 45
c 6 37 41
c 6 38 41
c 6 39 41
c 6 40 41
c 6 44 41
c 6 45 41
c 6 48 41
c 6 53 -9
c 6 62 -5
c 6 67 1
c 6 68 -7
c 7 38 33
c 7 39 33
c 7 40 33
c 7 43 33
c 7 52 -8
c 7 54 -16
c 7 60 -10
c 7 72 -9
c 8 39 46
c 8 41 46
c 8 47 46
c 8 71 3
c 8 72 4
c 9 44 35
c 9 45 35
c 9 50 35
c 9 52 -6
c 9 67 -5
c 9 69 -7
c 9 71 -8
c 10 36 47
c 10 37 47
c 10 42 47
c 10 43 47
c 10 44 47
c 10 48 47
c 10 51 47
c 10 66 -2
c 10 70 -1
c 11 38 25
c 11 39 25
c 11 44 25
c 11 50 25
c 11 51 25
c 11 53 -25
c 11 67 -15
c 12 38 27
c 12 43 27
c 12 50 27
c 12 51 27
c 12 55 -14
c 12 56 -16
c 12 67 -13
c 12 68 -21
c 12 69 -15
c 13 36 23
c 13 39 23
c 13 40 23
c 13 41 23
c 13 43 23
c 13 44 23
c 13 48 23
c 13 51 23
c 13 55 -18
c 13 61 -18
c 13 66 -26
c 14 41 20
c 14 42 20
c 14 43 20
c 14 49 20
c 14 54 -29
c 14 56 -23
c 14 65 -26
c 14 72 -22
c 15 38 23
c 15 39 23
c 15 41 23
c 15 42 23
c 15 45 23
c 15 48 23
c 15 55 -18
c 15 57 -21
c 15 58 -20
c 16 40 12
c 16 41 12
c 16 47 12
c 16 48 12
c 16 51 12
c 16 67 -28
c 16 70 -36
c 16 72 -30
c 17 37 43
c 17 40 43
c 17 43 43
c 17 44 43
c 17 52 2
c 17 54 -6
c 17 59 -4
c 17 69 1
c 18 38 28
c 18 41 28
c 18 50 28
c 19 39 42
c 19 43 42
c 19 46 42
c 19 49 42
c 19 55 1
c 19 59 -5
c 19 66 -7
c 19 67 2
c 20 37 27
c 20 39 27
c 20 40 27
c 20 44 27
c 20 46 27
c 20 53 -23
c 20 55 -14
c 20 66 -22
c 21 35 41
c 21 37 41
c 21 41 41
c 21 50 41
c 21 57 -3
c 21 60 -2
c 21 67 1
c 21 71 -2
c 22 36 21
c 22 40 21
c 22 49 21
c 22 50 21
c 22 60 -22
c 22 63 -28
c 23 35 19
c 23 37 19
c 23 38 19
c 23 40 19
c 23 43 19
c 23 45 19
c 23 58 -24
c 23 65 -27
c 24 35 26
c 24 37 26
c 24 38 26
c 24 43 26
c 24 45 26
c 24 49 26
c 24 50 26
c 24 51 26
c 24 58 -17
c 25 37 46
c 25 44 46
c 25 45 46
c 25 53 -4
c 25 57 2
c 25 59 -1
c 25 66 -3
c 25 67 6
c 25 69 4
c 25 70 -2
c 26 38 11
c 26 43 11
c 26 45 11
c 26 47 11
c 26 51 11
c 26 61 -30
c 26 63 -38
c 26 67 -29
c 26 68 -37
c 27 36 43
c 27 37 43
c 27 40 43
c 27 45 43
c 27 46 43
c 27 47 43
c 27 50 43
c 27 53 -7
c 27 59 -4
c 27 64 2
c 27 65 -3
c 28 37 41
c 28 39 41
c 28 42 41
c 28 46 41
c 28 48 41
c 28 59 -6
c 28 63 -8
c 29 36 28
c 29 37 28
c 29 42 28
c 29 47 28
c 29 48 28
c 29 62 -18
c 30 36 39
c 30 43 39
c 30 46 39
c 30 47 39
c 30 55 -2
c 30 69 -3
c 31 35 16
c 31 52 -25
c 31 60 -27
c 32 36 32
c 32 37 32
c 32 44 32
c 32 45 32
c 32 46 32
c 32 48 32
c 32 49 32
c 32 50 32
c 33 37 50
c 33 38 50
c 33 47 50
c 33 48 50
c 33 59 3
c 33 65 4
c 34 36 22
c 34 41 22
c 34 44 22
c 34 49 22
c 34 57 -22
c 34 68 -26
c 35 52 -41
c 35 56 -43
c 35 60 -43
c 35 62 -46
c 35 70 -48
c 35 71 -43
c 36 54 -49
c 36 55 -41
c 36 56 -43
c 36 57 -44
c 36 59 -47
c 36 61 -41
c 36 67 -40
c 36 68 -48
c 37 55 -41
c 37 62 -46
c 37 63 -49
c 37 65 -46
c 37 67 -40
c 37 69 -42
c 37 72 -42
c 38 52 -41
c 38 55 -41
c 38 57 -44
c 38 61 -41
c 38 71 -43
c 39 55 -41
c 39 63 -49
c 39 68 -48
c 39 70 -48
c 40 61 -41
c 40 62 -46
c 40 64 -41
c 40 69 -42
c 40 72 -42
c 41 58 -43
c 41 59 -47
c 41 60 -43
c 41 62 -46
c 41 63 -49
c 41 64 -41
c 41 65 -46
c 41 68 -48
c 41 69 -42
c 42 56 -43
c 42 57 -44
c 42 58 -43
c 42 59 -47
c 42 68 -48
c 42 72 -42
c 43 53 -50
c 43 54 -49
c 43 64 -41
c 43 65 -46
c 43 66 -49
c 43 69 -42
c 44 56 -43
c 44 59 -47
c 44 60 -43
c 44 64 -41
c 44 65 -46
c 44 69 -42
c 44 71 -43
c 45 52 -41
c 45 53 -50
c 45 54 -49
c 45 56 -43
c 45 60 -43
c 45 67 -40
c 45 69 -42
c 46 52 -41
c 46 61 -41
c 46 62 -46
c 46 63 -49
c 46 64 -41
c 46 65 -46
c 46 66 -49
c 46 69 -42
c 46 70 -48
c 46 71 -43
c 46 72 -42
c 47 53 -50
c 47 54 -49
c 47 55 -41
c 47 56 -43
c 47 57 -44
c 47 58 -43
c 47 62 -46
c 47 70 -48
c 47 72 -42
c 48 56 -43
c 48 64 -41
c 48 69 -42
c 48 70 -48
c 48 71 -43
c 48 72 -42
c 49 52 -41
c 49 53 -50
c 49 62 -46
c 49 68 -48
c 49 70 -48
c 50 60 -43
c 50 61 -41
c 50 62 -46
c 50 64 -41
c 50 65 -46
c 50 66 -49
c 50 71 -43
c 51 52 -41
c 51 56 -43
c 51 57 -44
c 51 58 -43
c 51 64 -41
c 51 66 -49
c 51 67 -40
bu 0 284
bu 1 58
bu 2 207
bu 3 217
bu 4 191
bu 5 151
bu 6 77
bu 7 58
bu 8 35
bu 9 181
bu 10 102
bu 11 278
bu 12 143
bu 13 124
bu 14 109
bu 15 67
bu 16 23
bu 17 120
bu 18 303
bu 19 248
bu 20 289
bu 21 126
bu 22 151
bu 23 258
bu 24 301
bu 25 29
bu 26 47
bu 27 254
bu 28 236
bu 29 225
bu 30 116
bu 31 175
bu 32 208
bu 33 158
bu 34 121
bu 35 191
bu 36 97
bu 37 149
bu 38 149
bu 39 82
bu 40 182
bu 41 180
bu 42 60
bu 43 145
bu 44 175
bu 45 65
bu 46 100
bu 47 119
bu 48 90
bu 49 124
bu 50 99
bu 51 159
bu 52 172
bu 53 290
bu 54 63
bu 55 182
bu 56 280
bu 57 149
bu 58 88
bu 59 20
bu 60 287
bu 61 150
bu 62 21
bu 63 240
bu 64 108
bu 65 242
bu 66 22
bu 67 16
bu 68 78
bu 69 206
bu 70 136
bu 71 137
bu 72 7
q 0 0 77.25
q 0 1 49.81
q 0 2 71.04
q 0 3 56.64
q 0 4 45.46
q 0 5 29.33
q 0 6 31.17
q 0 7 21.85
q 0 8 23.71
q 0 9 36.25
q 0 10 32.72
q 0 11 62
q 0 12 66.91
q 0 13 60.98
q 0 14 76.78
q 0 15 57.94
q 0 16 50.5
q 0 17 -77.25
q 0 18 -49.81
q 0 19 -71.04
q 0 20 -56.64
q 0 21 -45.46
q 0 22 -29.33
q 0 23 -31.17
q 0 24 -21.85
q 0 25 -23.71
q 0 26 -36.25
q 0 27 -32.72
q 0 28 -62
q 0 29 -66.91
q 0 30 -60.98
q 0 31 -76.78
q 0 32 -57.94
q 0 33 -50.5
q 1 0 73.89
q 1 1 39.75
q 1 2 55.27
q 1 3 48.78
q 1 4 72.56
q 1 5 45.07
q 1 6 64.17
q 1 7 21.17
q 1 8 33.41
q 1 9 10.98
q 1 10 10.14
q 1 11 31.2
q 1 12 10.67
q 1 13 3.3
q 1 14 9.61
q 1 15 11.44
q 1 16 6.28
q 1 17 -73.89
q 1 18 -39.75
q 1 19 -55.27
q 1 20 -48.78
q 1 21 -72.56
q 1 22 -45.07
q 1 23 -64.17
q 1 24 -21.17
q 1 25 -33.41
q 1 26 -10.98
q 1 27 -10.14
q 1 28 -31.2
q 1 29 -10.67
q 1 30 -3.3
q 1 31 -9.61
q 1 32 -11.44
q 1 33 -6.28
q 2 0 73.62
q 2 1 16.05
q 2 2 78.43
q 2 3 16.6
q 2 4 51.2
q 2 5 8.71
q 2 6 10.78
q 2 7 42.28
q 2 8 55.43
q 2 9 25.43
q 2 10 11.75
q 2 11 6.37
q 2 12 39.64
q 2 13 48.36
q 2 14 14.2
q 2 15 41.46
q 2 16 52.44
q 2 17 -73.62
q 2 18 -16.05
q 2 19 -78.43
q 2 20 -16.6
q 2 21 -51.2
q 2 22 -8.71
q 2 23 -10.78
q 2 24 -42.28
q 2 25 -55.43
q 2 26 -25.43
q 2 27 -11.75
q 2 28 -6.37
q 2 29 -39.64
q 2 30 -48.36
q 2 31 -14.2
q 2 32 -41.46
q 2 33 -52.44
q 3 0 25.86
q 3 1 23.08
q 3 2 41.96
q 3 3 16.13
q 3 4 54.98
q 3 5 10.65
q 3 6 13.92
q 3 7 73.09
q 3 8 66.58
q 3 9 68.08
q 3 10 57.08
q 3 11 58.4
q 3 12 72.35
q 3 13 67.12
q 3 14 6.04
q 3 15 32.93
q 3 16 22.08
q 3 17 -25.86
q 3 18 -23.08
q 3 19 -41.96
q 3 20 -16.13
q 3 21 -54.98
q 3 22 -10.65
q 3 23 -13.92
q 3 24 -73.09
q 3 25 -66.58
q 3 26 -68.08
q 3 27 -57.08
q 3 28 -58.4
q 3 29 -72.35
q 3 30 -67.12
q 3 31 -6.04
q 3 32 -32.93
q 3 33 -22.08
q 4 0 16.31
q 4 1 6.88
q 4 2 26.52
q 4 3 5.5
q 4 4 33.11
q 4 5 59.15
q 4 6 20.53
q 4 7 71.18
q 4 8 8.15
q 4 9 39.93
q 4 10 6.94
q 4 11 32.83
q 4 12 27.8
q 4 13 16.95
q 4 14 53.18
q 4 15 48.17
q 4 16 51.85
q 4 17 -16.31
q 4 18 -6.88
q 4 19 -26.52
q 4 20 -5.5
q 4 21 -33.11
q 4 22 -59.15
q 4 23 -20.53
q 4 24 -71.18
q 4 25 -8.15
q 4 26 -39.93
q 4 27 -6.94
q 4 28 -32.83
q 4 29 -27.8
q 4 30 -16.95
q 4 31 -53.18
q 4 32 -48.17
q 4 33 -51.85
q 5 0 42.29
q 5 1 36.07
q 5 2 78.08
q 5 3 22.84
q 5 4 30.4
q 5 5 12.54
q 5 6 43.33
q 5 7 71.12
q 5 8 76.93
q 5 9 38.53
q 5 10 65.77
q 5 11 56.47
q 5 12 23.92
q 5 13 13.43
q 5 14 53.39
q 5 15 62.45
q 5 16 78.6
q 5 17 -42.29
q 5 18 -36.07
q 5 19 -78.08
q 5 20 -22.84
q 5 21 -30.4
q 5 22 -12.54
q 5 23 -43.33
q 5 24 -71.12
q 5 25 -76.93
q 5 26 -38.53
q 5 27 -65.77
q 5 28 -56.47
q 5 29 -23.92
q 5 30 -13.43
q 5 31 -53.39
q 5 32 -62.45
q 5 33 -78.6
q 6 0 34.95
q 6 1 58.12
q 6 2 70.14
q 6 3 24.31
q 6 4 75.4
q 6 5 68.06
q 6 6 23.3
q 6 7 22.52
q 6 8 6.53
q 6 9 68.54
q 6 10 46.57
q 6 11 74.04
q 6 12 34.82
q 6 13 47.09
q 6 14 66.31
q 6 15 27.17
q 6 16 28.02
q 6 17 -34.95
q 6 18 -58.12
q 6 19 -70.14
q 6 20 -24.31
q 6 21 -75.4
q 6 22 -68.06
q 6 23 -23.3
q 6 24 -22.52
q 6 25 -6.53
q 6 26 -68.54
q 6 27 -46.57
q 6 28 -74.04
q 6 29 -34.82
q 6 30 -47.09
q 6 31 -66.31
q 6 32 -27.17
q 6 33 -28.02
q 7 0 6.02
q 7 1 8.69
q 7 2 52.73
q 7 3 76.54
q 7 4 32.99
q 7 5 1.21
q 7 6 34.71
q 7 7 78.5
q 7 8 26.97
q 7 9 71.78
q 7 10 36.28
q 7 11 37.66
q 7 12 77.72
q 7 13 5.43
q 7 14 39.34
q 7 15 28.77
q 7 16 75.19
q 7 17 -6.02
q 7 18 -8.69
q 7 19 -52.73
q 7 20 -76.54
q 7 21 -32.99
q 7 22 -1.21
q 7 23 -34.71
q 7 24 -78.5
q 7 25 -26.97
q 7 26 -71.78
q 7 27 -36.28
q 7 28 -37.66
q 7 29 -77.72
q 7 30 -5.43
q 7 31 -39.34
q 7 32 -28.77
q 7 33 -75.19
q 8 0 6.49
q 8 1 30.15
q 8 2 61.79
q 8 3 57.37
q 8 4 56.05
q 8 5 62.6
q 8 6 6.5
q 8 7 18.04
q 8 8 68.32
q 8 9 23.75
q 8 10 20.8
q 8 11 7.04
q 8 12 39.61
q 8 13 45.7
q 8 14 55.22
q 8 15 55.78
q 8 16 19.45
q 8 17 -6.49
q 8 18 -30.15
q 8 19 -61.79
q 8 20 -57.37
q 8 21 -56.05
q 8 22 -62.6
q 8 23 -6.5
q 8 24 -18.04
q 8 25 -68.32
q 8 26 -23.75
q 8 27 -20.8
q 8 28 -7.04
q 8 29 -39.61
q 8 30 -45.7
q 8 31 -55.22
q 8 32 -55.78
q 8 33 -19.45
q 9 0 45.27
q 9 1 52.19
q 9 2 8.95
q 9 3 13.4
q 9 4 23.22
q 9 5 50.26
q 9 6 33.58
q 9 7 31.92
q 9 8 51.48
q 9 9 63.54
q 9 10 29.72
q 9 11 0.41
q 9 12 38.54
q 9 13 54.58
q 9 14 79.65
q 9 15 76.31
q 9 16 24.48
q 9 17 -45.27
q 9 18 -52.19
q 9 19 -8.95
q 9 20 -13.4
q 9 21 -23.22
q 9 22 -50.26
q 9 23 -33.58
q 9 24 -31.92
q 9 25 -51.48
q 9 26 -63.54
q 9 27 -29.72
q 9 28 -0.41
q 9 29 -38.54
q 9 30 -54.58
q 9 31 -79.65
q 9 32 -76.31
q 9 33 -24.48
q 10 0 51.57
q 10 1 28.91
q 10 2 2.37
q 10 3 60.26
q 10 4 9.9
q 10 5 30.26
q 10 6 28.11
q 10 7 47.61
q 10 8 51.92
q 10 9 28.66
q 10 10 8.97
q 10 11 20.26
q 10 12 23.01
q 10 13 21.71
q 10 14 24.26
q 10 15 75.14
q 10 16 76.73
q 10 17 -51.57
q 10 18 -28.91
q 10 19 -2.37
q 10 20 -60.26
q 10 21 -9.9
q 10 22 -30.26
q 10 23 -28.11
q 10 24 -47.61
q 10 25 -51.92
q 10 26 -28.66
q 10 27 -8.97
q 10 28 -20.26
q 10 29 -23.01
q 10 30 -21.71
q 10 31 -24.26
q 10 32 -75.14
q 10 33 -76.73
q 11 0 5.24
q 11 1 28.2
q 11 2 57.81
q 11 3 44.54
q 11 4 71.18
q 11 5 55.33
q 11 6 75.69
q 11 7 30.6
q 11 8 36.49
q 11 9 41.94
q 11 10 0.49
q 11 11 47.32
q 11 12 33.1
q 11 13 24.14
q 11 14 16.46
q 11 15 41.56
q 11 16 34.76
q 11 17 -5.24
q 11 18 -28.2
q 11 19 -57.81
q 11 20 -44.54
q 11 21 -71.18
q 11 22 -55.33
q 11 23 -75.69
q 11 24 -30.6
q 11 25 -36.49
q 11 26 -41.94
q 11 27 -0.49
q 11 28 -47.32
q 11 29 -33.1
q 11 30 -24.14
q 11 31 -16.46
q 11 32 -41.56
q 11 33 -34.76
q 12 0 22.39
q 12 1 1.6
q 12 2 13.53
q 12 3 44.36
q 12 4 59.53
q 12 5 6.06
q 12 6 22.18
q 12 7 13.26
q 12 8 9.31
q 12 9 44.79
q 12 10 14.84
q 12 11 21.35
q 12 12 64.33
q 12 13 65.71
q 12 14 66.9
q 12 15 14.25
q 12 16 64.38
q 12 17 -22.39
q 12 18 -1.6
q 12 19 -13.53
q 12 20 -44.36
q 12 21 -59.53
q 12 22 -6.06
q 12 23 -22.18
q 12 24 -13.26
q 12 25 -9.31
q 12 26 -44.79
q 12 27 -14.84
q 12 28 -21.35
q 12 29 -64.33
q 12 30 -65.71
q 12 31 -66.9
q 12 32 -14.25
q 12 33 -64.38
q 13 0 0.87
q 13 1 16.76
q 13 2 63.53
q 13 3 19.6
q 13 4 53.97
q 13 5 15.38
q 13 6 51.01
q 13 7 8.48
q 13 8 77.74
q 13 9 38.35
q 13 10 73.03
q 13 11 62.42
q 13 12 27.76
q 13 13 47.42
q 13 14 40.87
q 13 15 8.96
q 13 16 3.4
q 13 17 -0.87
q 13 18 -16.76
q 13 19 -63.53
q 13 20 -19.6
q 13 21 -53.97
q 13 22 -15.38
q 13 23 -51.01
q 13 24 -8.48
q 13 25 -77.74
q 13 26 -38.35
q 13 27 -73.03
q 13 28 -62.42
q 13 29 -27.76
q 13 30 -47.42
q 13 31 -40.87
q 13 32 -8.96
q 13 33 -3.4
q 14 0 30.72
q 14 1 36.35
q 14 2 42.56
q 14 3 22.31
q 14 4 43.67
q 14 5 55.16
q 14 6 38.48
q 14 7 43.22
q 14 8 22.37
q 14 9 74
q 14 10 63.67
q 14 11 35.48
q 14 12 47.38
q 14 13 42.23
q 14 14 13.31
q 14 15 56.68
q 14 16 76.78
q 14 17 -30.72
q 14 18 -36.35
q 14 19 -42.56
q 14 20 -22.31
q 14 21 -43.67
q 14 22 -55.16
q 14 23 -38.48
q 14 24 -43.22
q 14 25 -22.37
q 14 26 -74
q 14 27 -63.67
q 14 28 -35.48
q 14 29 -47.38
q 14 30 -42.23
q 14 31 -13.31
q 14 32 -56.68
q 14 33 -76.78
q 15 0 25.62
q 15 1 27.57
q 15 2 66.78
q 15 3 55.89
q 15 4 53.34
q 15 5 78.37
q 15 6 4.69
q 15 7 17.54
q 15 8 2.78
q 15 9 65.43
q 15 10 69.12
q 15 11 76.57
q 15 12 36.49
q 15 13 37.83
q 15 14 68.06
q 15 15 58.25
q 15 16 8.54
q 15 17 -25.62
q 15 18 -27.57
q 15 19 -66.78
q 15 20 -55.89
q 15 21 -53.34
q 15 22 -78.37
q 15 23 -4.69
q 15 24 -17.54
q 15 25 -2.78
q 15 26 -65.43
q 15 27 -69.12
q 15 28 -76.57
q 15 29 -36.49
q 15 30 -37.83
q 15 31 -68.06
q 15 32 -58.25
q 15 33 -8.54
q 16 0 77.94
q 16 1 61.34
q 16 2 20.51
q 16 3 61.79
q 16 4 14.07
q 16 5 28.3
q 16 6 69.59
q 16 7 72.15
q 16 8 56.39
q 16 9 62.22
q 16 10 58.21
q 16 11 42.62
q 16 12 14.88
q 16 13 36.5
q 16 14 22.88
q 16 15 59.54
q 16 16 60.02
q 16 17 -77.94
q 16 18 -61.34
q 16 19 -20.51
q 16 20 -61.79
q 16 21 -14.07
q 16 22 -28.3
q 16 23 -69.59
q 16 24 -72.15
q 16 25 -56.39
q 16 26 -62.22
q 16 27 -58.21
q 16 28 -42.62
q 16 29 -14.88
q 16 30 -36.5
q 16 31 -22.88
q 16 32 -59.54
q 16 33 -60.02
q 17 0 21.63
q 17 1 5.01
q 17 2 59.67
q 17 3 37.41
q 17 4 31.61
q 17 5 49.45
q 17 6 74.41
q 17 7 79.95
q 17 8 22.1
q 17 9 20.19
q 17 10 41.39
q 17 11 79.32
q 17 12 68.96
q 17 13 27.27
q 17 14 1.83
q 17 15 8.2
q 17 16 64.34
q 17 17 -21.63
q 17 18 -5.01
q 17 19 -59.67
q 17 20 -37.41
q 17 21 -31.61
q 17 22 -49.45
q 17 23 -74.41
q 17 24 -79.95
q 17 25 -22.1
q 17 26 -20.19
q 17 27 -41.39
q 17 28 -79.32
q 17 29 -68.96
q 17 30 -27.27
q 17 31 -1.83
q 17 32 -8.2
q 17 33 -64.34
q 18 0 71.9
q 18 1 1.67
q 18 2 1.74
q 18 3 40.74
q 18 4 51.09
q 18 5 25.67
q 18 6 70.56
q 18 7 12.48
q 18 8 1.36
q 18 9 7.16
q 18 10 35.06
q 18 11 74.08
q 18 12 79.74
q 18 13 73.14
q 18 14 54.95
q 18 15 0.19
q 18 16 13.12
q 18 17 -71.9
q 18 18 -1.67
q 18 19 -1.74
q 18 20 -40.74
q 18 21 -51.09
q 18 22 -25.67
q 18 23 -70.56
q 18 24 -12.48
q 18 25 -1.36
q 18 26 -7.16
q 18 27 -35.06
q 18 28 -74.08
q 18 29 -79.74
q 18 30 -73.14
q 18 31 -54.95
q 18 32 -0.19
q 18 33 -13.12
q 19 0 59.12
q 19 1 77.96
q 19 2 38.86
q 19 3 43.63
q 19 4 64.26
q 19 5 32.32
q 19 6 26.29
q 19 7 64.32
q 19 8 50.92
q 19 9 51.63
q 19 10 6.03
q 19 11 18.34
q 19 12 10.78
q 19 13 25.12
q 19 14 38.43
q 19 15 4.18
q 19 16 20.07
q 19 17 -59.12
q 19 18 -77.96
q 19 19 -38.86
q 19 20 -43.63
q 19 21 -64.26
q 19 22 -32.32
q 19 23 -26.29
q 19 24 -64.32
q 19 25 -50.92
q 19 26 -51.63
q 19 27 -6.03
q 19 28 -18.34
q 19 29 -10.78
q 19 30 -25.12
q 19 31 -38.43
q 19 32 -4.18
q 19 33 -20.07
q 20 0 35.14
q 20 1 48.62
q 20 2 44.31
q 20 3 58.87
q 20 4 28.63
q 20 5 36.33
q 20 6 26.34
q 20 7 14.87
q 20 8 44.87
q 20 9 31.38
q 20 10 0.44
q 20 11 61.54
q 20 12 53.36
q 20 13 20.64
q 20 14 79.7
q 20 15 78.42
q 20 16 9.72
q 20 17 -35.14
q 20 18 -48.62
q 20 19 -44.31
q 20 20 -58.87
q 20 21 -28.63
q 20 22 -36.33
q 20 23 -26.34
q 20 24 -14.87
q 20 25 -44.87
q 20 26 -31.38
q 20 27 -0.44
q 20 28 -61.54
q 20 29 -53.36
q 20 30 -20.64
q 20 31 -79.7
q 20 32 -78.42
q 20 33 -9.72
q 21 0 71.55
q 21 1 18.87
q 21 2 41.44
q 21 3 32.21
q 21 4 51.66
q 21 5 59.95
q 21 6 38.84
q 21 7 15.68
q 21 8 11.68
q 21 9 60.51
q 21 10 1.51
q 21 11 3.89
q 21 12 61.65
q 21 13 31.98
q 21 14 62.65
q 21 15 47.42
q 21 16 7.15
q 21 17 -71.55
q 21 18 -18.87
q 21 19 -41.44
q 21 20 -32.21
q 21 21 -51.66
q 21 22 -59.95
q 21 23 -38.84
q 21 24 -15.68
q 21 25 -11.68
q 21 26 -60.51
q 21 27 -1.51
q 21 28 -3.89
q 21 29 -61.65
q 21 30 -31.98
q 21 31 -62.65
q 21 32 -47.42
q 21 33 -7.15
q 22 0 15.86
q 22 1 40.35
q 22 2 24.41
q 22 3 27.5
q 22 4 54.81
q 22 5 38.82
q 22 6 41.08
q 22 7 34.69
q 22 8 12.63
q 22 9 31.4
q 22 10 51.63
q 22 11 55.35
q 22 12 73.97
q 22 13 14.35
q 22 14 41.89
q 22 15 14.41
q 22 16 21.58
q 22 17 -15.86
q 22 18 -40.35
q 22 19 -24.41
q 22 20 -27.5
q 22 21 -54.81
q 22 22 -38.82
q 22 23 -41.08
q 22 24 -34.69
q 22 25 -12.63
q 22 26 -31.4
q 22 27 -51.63
q 22 28 -55.35
q 22 29 -73.97
q 22 30 -14.35
q 22 31 -41.89
q 22 32 -14.41
q 22 33 -21.58
q 23 0 69.07
q 23 1 32.86
q 23 2 56.42
q 23 3 52.26
q 23 4 58.01
q 23 5 71.48
q 23 6 67.01
q 23 7 34.4
q 23 8 72.38
q 23 9 3.72
q 23 10 3.3
q 23 11 68.44
q 23 12 6.79
q 23 13 34.19
q 23 14 38.75
q 23 15 1.96
q 23 16 5.64
q 23 17 -69.07
q 23 18 -32.86
q 23 19 -56.42
q 23 20 -52.26
q 23 21 -58.01
q 23 22 -71.48
q 23 23 -67.01
q 23 24 -34.4
q 23 25 -72.38
q 23 26 -3.72
q 23 27 -3.3
q 23 28 -68.44
q 23 29 -6.79
q 23 30 -34.19
q 23 31 -38.75
q 23 32 -1.96
q 23 33 -5.64
q 24 0 56.64
q 24 1 8.77
q 24 2 4.37
q 24 3 30.64
q 24 4 28.32
q 24 5 20.96
q 24 6 48.63
q 24 7 8.05
q 24 8 0.5
q 24 9 23.85
q 24 10 24.66
q 24 11 74.04
q 24 12 57.07
q 24 13 47
q 24 14 58.26
q 24 15 78.33
q 24 16 7.9
q 24 17 -56.64
q 24 18 -8.77
q 24 19 -4.37
q 24 20 -30.64
q 24 21 -28.32
q 24 22 -20.96
q 24 23 -48.63
q 24 24 -8.05
q 24 25 -0.5
q 24 26 -23.85
q 24 27 -24.66
q 24 28 -74.04
q 24 29 -57.07
q 24 30 -47
q 24 31 -58.26
q 24 32 -78.33
q 24 33 -7.9
q 25 0 49.99
q 25 1 8.81
q 25 2 78.84
q 25 3 76.09
q 25 4 28.4
q 25 5 39.49
q 25 6 77.56
q 25 7 55.08
q 25 8 39.62
q 25 9 24.45
q 25 10 20.76
q 25 11 8.22
q 25 12 53.38
q 25 13 2.88
q 25 14 52.68
q 25 15 59.08
q 25 16 42.71
q 25 17 -49.99
q 25 18 -8.81
q 25 19 -78.84
q 25 20 -76.09
q 25 21 -28.4
q 25 22 -39.49
q 25 23 -77.56
q 25 24 -55.08
q 25 25 -39.62
q 25 26 -24.45
q 25 27 -20.76
q 25 28 -8.22
q 25 29 -53.38
q 25 30 -2.88
q 25 31 -52.68
q 25 32 -59.08
q 25 33 -42.71
q 26 0 31.28
q 26 1 2.97
q 26 2 2.85
q 26 3 14.55
q 26 4 19.72
q 26 5 5.43
q 26 6 70.49
q 26 7 41.18
q 26 8 78.81
q 26 9 23.05
q 26 10 56.57
q 26 11 79.24
q 26 12 1.98
q 26 13 35.37
q 26 14 44.76
q 26 15 21.45
q 26 16 66.92
q 26 17 -31.28
q 26 18 -2.97
q 26 19 -2.85
q 26 20 -14.55
q 26 21 -19.72
q 26 22 -5.43
q 26 23 -70.49
q 26 24 -41.18
q 26 25 -78.81
q 26 26 -23.05
q 26 27 -56.57
q 26 28 -79.24
q 26 29 -1.98
q 26 30 -35.37
q 26 31 -44.76
q 26 32 -21.45
q 26 33 -66.92
q 27 0 5.61
q 27 1 23.19
q 27 2 4.33
q 27 3 65.3
q 27 4 33.28
q 27 5 73.48
q 27 6 4.71
q 27 7 37.03
q 27 8 70.74
q 27 9 25.53
q 27 10 49.28
q 27 11 31.47
q 27 12 70.1
q 27 13 27.18
q 27 14 27.7
q 27 15 32.37
q 27 16 69.62
q 27 17 -5.61
q 27 18 -23.19
q 27 19 -4.33
q 27 20 -65.3
q 27 21 -33.28
q 27 22 -73.48
q 27 23 -4.71
q 27 24 -37.03
q 27 25 -70.74
q 27 26 -25.53
q 27 27 -49.28
q 27 28 -31.47
q 27 29 -70.1
q 27 30 -27.18
q 27 31 -27.7
q 27 32 -32.37
q 27 33 -69.62
q 28 0 57.89
q 28 1 54.25
q 28 2 54.38
q 28 3 78.77
q 28 4 24.05
q 28 5 1.46
q 28 6 9.62
q 28 7 1.27
q 28 8 57.43
q 28 9 47.28
q 28 10 72.9
q 28 11 40.94
q 28 12 74.58
q 28 13 13.21
q 28 14 60.01
q 28 15 70.55
q 28 16 4.12
q 28 17 -57.89
q 28 18 -54.25
q 28 19 -54.38
q 28 20 -78.77
q 28 21 -24.05
q 28 22 -1.46
q 28 23 -9.62
q 28 24 -1.27
q 28 25 -57.43
q 28 26 -47.28
q 28 27 -72.9
q 28 28 -40.94
q 28 29 -74.58
q 28 30 -13.21
q 28 31 -60.01
q 28 32 -70.55
q 28 33 -4.12
q 29 0 2.57
q 29 1 46.75
q 29 2 67.07
q 29 3 19.81
q 29 4 16.81
q 29 5 26.68
q 29 6 55.63
q 29 7 3.15
q 29 8 13.91
q 29 9 35.78
q 29 10 58.31
q 29 11 41.31
q 29 12 59.31
q 29 13 45.89
q 29 14 3.63
q 29 15 10.44
q 29 16 50.56
q 29 17 -2.57
q 29 18 -46.75
q 29 19 -67.07
q 29 20 -19.81
q 29 21 -16.81
q 29 22 -26.68
q 29 23 -55.63
q 29 24 -3.15
q 29 25 -13.91
q 29 26 -35.78
q 29 27 -58.31
q 29 28 -41.31
q 29 29 -59.31
q 29 30 -45.89
q 29 31 -3.63
q 29 32 -10.44
q 29 33 -50.56
q 30 0 20.7
q 30 1 20.22
q 30 2 54.12
q 30 3 56.82
q 30 4 73.37
q 30 5 66.62
q 30 6 40.89
q 30 7 69.63
q 30 8 12.96
q 30 9 2.98
q 30 10 78.81
q 30 11 60.03
q 30 12 43.04
q 30 13 45.8
q 30 14 30.54
q 30 15 7.65
q 30 16 23.57
q 30 17 -20.7
q 30 18 -20.22
q 30 19 -54.12
q 30 20 -56.82
q 30 21 -73.37
q 30 22 -66.62
q 30 23 -40.89
q 30 24 -69.63
q 30 25 -12.96
q 30 26 -2.98
q 30 27 -78.81
q 30 28 -60.03
q 30 29 -43.04
q 30 30 -45.8
q 30 31 -30.54
q 30 32 -7.65
q 30 33 -23.57
q 31 0 29.64
q 31 1 27.24
q 31 2 19.91
q 31 3 63.86
q 31 4 49.65
q 31 5 8.4
q 31 6 25.32
q 31 7 55.66
q 31 8 43.44
q 31 9 66.6
q 31 10 36.92
q 31 11 71.54
q 31 12 33
q 31 13 29.76
q 31 14 13.36
q 31 15 52.77
q 31 16 17.14
q 31 17 -29.64
q 31 18 -27.24
q 31 19 -19.91
q 31 20 -63.86
q 31 21 -49.65
q 31 22 -8.4
q 31 23 -25.32
q 31 24 -55.66
q 31 25 -43.44
q 31 26 -66.6
q 31 27 -36.92
q 31 28 -71.54
q 31 29 -33
q 31 30 -29.76
q 31 31 -13.36
q 31 32 -52.77
q 31 33 -17.14
q 32 0 9.36
q 32 1 31.7
q 32 2 55.46
q 32 3 26.6
q 32 4 72.44
q 32 5 23.64
q 32 6 34.51
q 32 7 41.86
q 32 8 12.21
q 32 9 33.29
q 32 10 17.06
q 32 11 33.06
q 32 12 78.65
q 32 13 48.67
q 32 14 43.69
q 32 15 9.69
q 32 16 54.73
q 32 17 -9.36
q 32 18 -31.7
q 32 19 -55.46
q 32 20 -26.6
q 32 21 -72.44
q 32 22 -23.64
q 32 23 -34.51
q 32 24 -41.86
q 32 25 -12.21
q 32 26 -33.29
q 32 27 -17.06
q 32 28 -33.06
q 32 29 -78.65
q 32 30 -48.67
q 32 31 -43.69
q 32 32 -9.69
q 32 33 -54.73
q 33 0 40.62
q 33 1 64.5
q 33 2 52.78
q 33 3 19.75
q 33 4 33.73
q 33 5 13.51
q 33 6 24.02
q 33 7 49.24
q 33 8 75.73
q 33 9 69.45
q 33 10 34.43
q 33 11 67.32
q 33 12 49.86
q 33 13 41.14
q 33 14 73.32
q 33 15 5.87
q 33 16 52.32
q 33 17 -40.62
q 33 18 -64.5
q 33 19 -52.78
q 33 20 -19.75
q 33 21 -33.73
q 33 22 -13.51
q 33 23 -24.02
q 33 24 -49.24
q 33 25 -75.73
q 33 26 -69.45
q 33 27 -34.43
q 33 28 -67.32
q 33 29 -49.86
q 33 30 -41.14
q 33 31 -73.32
q 33 32 -5.87
q 33 33 -52.32
q 34 0 65.39
q 34 1 77.61
q 34 2 73.49
q 34 3 22.26
q 34 4 63.09
q 34 5 68.53
q 34 6 42.51
q 34 7 70.7
q 34 8 12.72
q 34 9 71.22
q 34 10 74.96
q 34 11 57.39
q 34 12 10.81
q 34 13 31.45
q 34 14 66.98
q 34 15 0.39
q 34 16 54.59
q 34 17 -65.39
q 34 18 -77.61
q 34 19 -73.49
q 34 20 -22.26
q 34 21 -63.09
q 34 22 -68.53
q 34 23 -42.51
q 34 24 -70.7
q 34 25 -12.72
q 34 26 -71.22
q 34 27 -74.96
q 34 28 -57.39
q 34 29 -10.81
q 34 30 -31.45
q 34 31 -66.98
q 34 32 -0.39
q 34 33 -54.59
q 52 0 54.09
q 52 1 60.11
q 52 2 85.19
q 52 3 60.02
q 52 4 23.18
q 52 5 92.81
q 52 6 97.03
q 52 7 27.29
q 52 8 43.71
q 52 9 96.26
q 52 10 21.87
q 52 11 35.42
q 52 12 27.04
q 52 13 36.47
q 52 14 65.81
q 52 15 60.27
q 52 16 49.64
q 52 17 -2.25
q 52 18 -19.81
q 52 19 -0.87
q 52 20 -14.77
q 52 21 -17.64
q 52 22 -7.36
q 52 23 -1.01
q 52 24 -4.58
q 52 25 -11.17
q 52 26 -12.09
q 52 27 -3.22
q 52 28 -11.85
q 52 29 -18.23
q 52 30 -16.38
q 52 31 -7.9
q 52 32 -0.23
q 52 33 -13.03
q 53 0 82.17
q 53 1 43.56
q 53 2 26.86
q 53 3 71.48
q 53 4 53.02
q 53 5 72.48
q 53 6 24.44
q 53 7 26.59
q 53 8 44.09
q 53 9 36.55
q 53 10 43.46
q 53 11 29.5
q 53 12 64.37
q 53 13 51.19
q 53 14 35.73
q 53 15 85.4
q 53 16 78.7
q 53 17 -1.14
q 53 18 -17.79
q 53 19 -8.55
q 53 20 -3.87
q 53 21 -6.66
q 53 22 -7.79
q 53 23 -3.23
q 53 24 -10.41
q 53 25 -5.91
q 53 26 -9.17
q 53 27 -18.99
q 53 28 -3.78
q 53 29 -15.28
q 53 30 -0.76
q 53 31 -0.96
q 53 32 -13.1
q 53 33 -19.1
q 54 0 68.07
q 54 1 52.7
q 54 2 90.92
q 54 3 93.12
q 54 4 92.73
q 54 5 87.09
q 54 6 28.47
q 54 7 67.27
q 54 8 32.05
q 54 9 34.46
q 54 10 39.4
q 54 11 91.41
q 54 12 41.33
q 54 13 96.79
q 54 14 65.42
q 54 15 87.04
q 54 16 80.19
q 54 17 -13.82
q 54 18 -17.06
q 54 19 -14.45
q 54 20 -17.73
q 54 21 -16.46
q 54 22 -18.15
q 54 23 -12.48
q 54 24 -16.27
q 54 25 -9.83
q 54 26 -0.7
q 54 27 -11.84
q 54 28 -5.21
q 54 29 -12.33
q 54 30 -10.31
q 54 31 -8.4
q 54 32 -5.01
q 54 33 -16.53
q 55 0 96.44
q 55 1 35.2
q 55 2 77.56
q 55 3 82.64
q 55 4 72.95
q 55 5 92.02
q 55 6 69.84
q 55 7 29.91
q 55 8 44.06
q 55 9 82.36
q 55 10 88.96
q 55 11 88.51
q 55 12 47.35
q 55 13 75.41
q 55 14 20.92
q 55 15 62.11
q 55 16 68.92
q 55 17 -1.05
q 55 18 -10.11
q 55 19 -5.87
q 55 20 -3.78
q 55 21 -18.64
q 55 22 -17.85
q 55 23 -18.84
q 55 24 -4.8
q 55 25 -3.27
q 55 26 -10.01
q 55 27 -14.95
q 55 28 -4.38
q 55 29 -17.08
q 55 30 -15.22
q 55 31 -0.98
q 55 32 -2.19
q 55 33 -4
q 56 0 26.08
q 56 1 84.08
q 56 2 81.47
q 56 3 93.87
q 56 4 41.65
q 56 5 55.9
q 56 6 34.72
q 56 7 92.59
q 56 8 64.72
q 56 9 92.26
q 56 10 31.57
q 56 11 90.94
q 56 12 27.09
q 56 13 81.25
q 56 14 84.48
q 56 15 58.82
q 56 16 92.96
q 56 17 -7.5
q 56 18 -11.72
q 56 19 -17.18
q 56 20 -14.65
q 56 21 -13.18
q 56 22 -12.79
q 56 23 -4.83
q 56 24 -2.71
q 56 25 -11.2
q 56 26 -11.6
q 56 27 -16.9
q 56 28 -12.29
q 56 29 -14.83
q 56 30 -18.62
q 56 31 -2.68
q 56 32 -8.82
q 56 33 -5.76
q 57 0 59.05
q 57 1 60.54
q 57 2 34.78
q 57 3 52.88
q 57 4 53.99
q 57 5 67.62
q 57 6 64.87
q 57 7 76.46
q 57 8 86.29
q 57 9 82.93
q 57 10 99.38
q 57 11 32.33
q 57 12 48.6
q 57 13 41.12
q 57 14 63.86
q 57 15 55.17
q 57 16 79.52
q 57 17 -10.8
q 57 18 -17.5
q 57 19 -12.29
q 57 20 -8.55
q 57 21 -4.47
q 57 22 -4.12
q 57 23 -4.71
q 57 24 -17.69
q 57 25 -7.73
q 57 26 -9.06
q 57 27 -0.59
q 57 28 -19.52
q 57 29 -1.16
q 57 30 -11.34
q 57 31 -15.82
q 57 32 -9.72
q 57 33 -10.7
q 58 0 81.26
q 58 1 71.05
q 58 2 83.72
q 58 3 34.55
q 58 4 90.02
q 58 5 32.9
q 58 6 81.5
q 58 7 72.23
q 58 8 31.77
q 58 9 20.23
q 58 10 36.51
q 58 11 85.07
q 58 12 82.01
q 58 13 27.59
q 58 14 61.28
q 58 15 54.77
q 58 16 50.04
q 58 17 -14.27
q 58 18 -7.49
q 58 19 -14.24
q 58 20 -4.55
q 58 21 -8.77
q 58 22 -3.52
q 58 23 -10.67
q 58 24 -4.23
q 58 25 -15.45
q 58 26 -0.63
q 58 27 -17.73
q 58 28 -15.12
q 58 29 -3.61
q 58 30 -13.6
q 58 31 -18.53
q 58 32 -8.27
q 58 33 -0.31
q 59 0 29.7
q 59 1 27.04
q 59 2 58.21
q 59 3 58.93
q 59 4 71.8
q 59 5 39.46
q 59 6 37.34
q 59 7 49.88
q 59 8 78.12
q 59 9 59.72
q 59 10 93.49
q 59 11 36.42
q 59 12 42.04
q 59 13 79.3
q 59 14 40.3
q 59 15 26.81
q 59 16 99.72
q 59 17 -15.7
q 59 18 -7.28
q 59 19 -16.97
q 59 20 -19.59
q 59 21 -4.06
q 59 22 -16.44
q 59 23 -3.49
q 59 24 -7.08
q 59 25 -4.8
q 59 26 -10.68
q 59 27 -2.53
q 59 28 -12.89
q 59 29 -19.54
q 59 30 -13.57
q 59 31 -13.84
q 59 32 -17.7
q 59 33 -0.45
q 60 0 63.1
q 60 1 32.81
q 60 2 55.6
q 60 3 79.32
q 60 4 82.82
q 60 5 51.16
q 60 6 26.83
q 60 7 85.3
q 60 8 95.29
q 60 9 61.67
q 60 10 57.5
q 60 11 36.67
q 60 12 91.9
q 60 13 36.86
q 60 14 63.46
q 60 15 56.78
q 60 16 71.19
q 60 17 -2.64
q 60 18 -3.34
q 60 19 -12.67
q 60 20 -16.23
q 60 21 -5.73
q 60 22 -12.91
q 60 23 -11.6
q 60 24 -13.62
q 60 25 -18.23
q 60 26 -9.56
q 60 27 -7.73
q 60 28 -11.57
q 60 29 -4.46
q 60 30 -15.01
q 60 31 -12.09
q 60 32 -8.73
q 60 33 -9.34
q 61 0 76.86
q 61 1 48.98
q 61 2 49.19
q 61 3 73.74
q 61 4 90.7
q 61 5 61.01
q 61 6 76.88
q 61 7 94.4
q 61 8 79.53
q 61 9 99.98
q 61 10 53.73
q 61 11 50.76
q 61 12 87.6
q 61 13 89.05
q 61 14 27.68
q 61 15 99.52
q 61 16 27.31
q 61 17 -11.2
q 61 18 -5.62
q 61 19 -15.67
q 61 20 -7.32
q 61 21 -3.19
q 61 22 -12.12
q 61 23 -5.28
q 61 24 -16.48
q 61 25 -12.8
q 61 26 -0.57
q 61 27 -17.71
q 61 28 -16.98
q 61 29 -17.08
q 61 30 -17.21
q 61 31 -6.07
q 61 32 -16.48
q 61 33 -19.72
q 62 0 75.63
q 62 1 68.74
q 62 2 44.45
q 62 3 97.56
q 62 4 33.04
q 62 5 25.85
q 62 6 85.97
q 62 7 97.02
q 62 8 22.56
q 62 9 70.61
q 62 10 24.06
q 62 11 65.82
q 62 12 58.12
q 62 13 79.85
q 62 14 72.4
q 62 15 89.49
q 62 16 37.43
q 62 17 -2.94
q 62 18 -10.1
q 62 19 -2.48
q 62 20 -11.44
q 62 21 -9.18
q 62 22 -5.71
q 62 23 -14.68
q 62 24 -9.09
q 62 25 -4.17
q 62 26 -15.19
q 62 27 -11.72
q 62 28 -2.44
q 62 29 -16.63
q 62 30 -9.1
q 62 31 -19.15
q 62 32 -1.42
q 62 33 -18.59
q 63 0 50.87
q 63 1 85.33
q 63 2 69.77
q 63 3 48.12
q 63 4 93.32
q 63 5 20.94
q 63 6 70.45
q 63 7 46.54
q 63 8 29.22
q 63 9 31.12
q 63 10 86.51
q 63 11 38.74
q 63 12 21.21
q 63 13 53.81
q 63 14 86.87
q 63 15 99.04
q 63 16 30.99
q 63 17 -15.37
q 63 18 -11.37
q 63 19 -3.73
q 63 20 -15.28
q 63 21 -9.53
q 63 22 -4.07
q 63 23 -19.86
q 63 24 -16.17
q 63 25 -15.71
q 63 26 -7.42
q 63 27 -16.23
q 63 28 -14.66
q 63 29 -18.75
q 63 30 -19.58
q 63 31 -3.21
q 63 32 -18.94
q 63 33 -10.3
q 64 0 24.7
q 64 1 91.03
q 64 2 34
q 64 3 89.37
q 64 4 69.81
q 64 5 45.22
q 64 6 42.26
q 64 7 32.85
q 64 8 38.44
q 64 9 94.16
q 64 10 96.98
q 64 11 95.67
q 64 12 86.3
q 64 13 68.7
q 64 14 46.17
q 64 15 38.99
q 64 16 64.48
q 64 17 -7.87
q 64 18 -16.93
q 64 19 -16.37
q 64 20 -7.21
q 64 21 -16.2
q 64 22 -6.14
q 64 23 -17.53
q 64 24 -18.44
q 64 25 -7.53
q 64 26 -10.49
q 64 27 -13.35
q 64 28 -1.6
q 64 29 -3.29
q 64 30 -15.53
q 64 31 -14.44
q 64 32 -4.56
q 64 33 -4.02
q 65 0 60.39
q 65 1 80.98
q 65 2 39.58
q 65 3 42.73
q 65 4 62.7
q 65 5 54.86
q 65 6 50.89
q 65 7 50.91
q 65 8 79.89
q 65 9 94.13
q 65 10 79.69
q 65 11 84.43
q 65 12 93.04
q 65 13 66.75
q 65 14 96.62
q 65 15 35.67
q 65 16 24.97
q 65 17 -4.46
q 65 18 -19.9
q 65 19 -19.05
q 65 20 -13.25
q 65 21 -15.15
q 65 22 -15.62
q 65 23 -17.53
q 65 24 -14.23
q 65 25 -4.1
q 65 26 -17.61
q 65 27 -12.64
q 65 28 -15.52
q 65 29 -2.93
q 65 30 -13.06
q 65 31 -18.64
q 65 32 -10.62
q 65 33 -15.95
q 66 0 90.57
q 66 1 92.77
q 66 2 61.07
q 66 3 39.01
q 66 4 20.98
q 66 5 91.58
q 66 6 92.6
q 66 7 80.51
q 66 8 93.4
q 66 9 64.98
q 66 10 41.77
q 66 11 63.31
q 66 12 76.09
q 66 13 30.74
q 66 14 77.76
q 66 15 38.67
q 66 16 39.38
q 66 17 -13.71
q 66 18 -1.08
q 66 19 -18.12
q 66 20 -4.47
q 66 21 -7.65
q 66 22 -15.63
q 66 23 -18.31
q 66 24 -0.71
q 66 25 -15.3
q 66 26 -17.1
q 66 27 -8.02
q 66 28 -14.63
q 66 29 -13.79
q 66 30 -0.13
q 66 31 -5.04
q 66 32 -5.31
q 66 33 -5.3
q 67 0 25.25
q 67 1 69.55
q 67 2 23.66
q 67 3 87.99
q 67 4 63.13
q 67 5 50.87
q 67 6 92.58
q 67 7 92.68
q 67 8 73.03
q 67 9 30.41
q 67 10 35.87
q 67 11 87.96
q 67 12 92.47
q 67 13 46.16
q 67 14 89.62
q 67 15 24.81
q 67 16 56.7
q 67 17 -13.56
q 67 18 -16.59
q 67 19 -14.92
q 67 20 -5.03
q 67 21 -0.13
q 67 22 -19.11
q 67 23 -11.97
q 67 24 -4.3
q 67 25 -14.29
q 67 26 -11.1
q 67 27 -18.65
q 67 28 -3.43
q 67 29 -5.34
q 67 30 -2.84
q 67 31 -7.21
q 67 32 -15.98
q 67 33 -7.17
q 68 0 37.98
q 68 1 65.67
q 68 2 87.17
q 68 3 83.64
q 68 4 98.05
q 68 5 53.95
q 68 6 59.81
q 68 7 66.3
q 68 8 52.25
q 68 9 76.75
q 68 10 72.91
q 68 11 32.85
q 68 12 91.68
q 68 13 99.19
q 68 14 79.07
q 68 15 73.22
q 68 16 81.77
q 68 17 -9.4
q 68 18 -8.05
q 68 19 -4.57
q 68 20 -3.78
q 68 21 -13.07
q 68 22 -18.39
q 68 23 -3.54
q 68 24 -11.39
q 68 25 -11.25
q 68 26 -7.96
q 68 27 -4.71
q 68 28 -0.53
q 68 29 -14.29
q 68 30 -6.55
q 68 31 -9.22
q 68 32 -7.58
q 68 33 -16.62
q 69 0 55.18
q 69 1 92.62
q 69 2 99.99
q 69 3 24.74
q 69 4 65.94
q 69 5 66.92
q 69 6 21.9
q 69 7 60.93
q 69 8 45.03
q 69 9 85.51
q 69 10 65.08
q 69 11 76.11
q 69 12 95.39
q 69 13 78.09
q 69 14 52.75
q 69 15 70.12
q 69 16 88.2
q 69 17 -9.3
q 69 18 -16.94
q 69 19 -16.25
q 69 20 -14.86
q 69 21 -4.97
q 69 22 -9.88
q 69 23 -0.05
q 69 24 -19.27
q 69 25 -12.14
q 69 26 -9.2
q 69 27 -1.8
q 69 28 -12.33
q 69 29 -10.86
q 69 30 -17.82
q 69 31 -3.57
q 69 32 -2.01
q 69 33 -2.89
q 70 0 97.25
q 70 1 96.07
q 70 2 78.74
q 70 3 88.68
q 70 4 20.6
q 70 5 72.58
q 70 6 93.59
q 70 7 20.92
q 70 8 22.08
q 70 9 43.84
q 70 10 68
q 70 11 43.48
q 70 12 91.93
q 70 13 28.18
q 70 14 71.08
q 70 15 82.44
q 70 16 57.52
q 70 17 -8.47
q 70 18 -18.4
q 70 19 -19.94
q 70 20 -13.93
q 70 21 -7.83
q 70 22 -13.68
q 70 23 -18.96
q 70 24 -13.23
q 70 25 -12.97
q 70 26 -17.78
q 70 27 -3.13
q 70 28 -0.2
q 70 29 -19.18
q 70 30 -9.2
q 70 31 -9.9
q 70 32 -9.33
q 70 33 -16.55
q 71 0 30.7
q 71 1 83.66
q 71 2 42.64
q 71 3 24.19
q 71 4 20.78
q 71 5 71.46
q 71 6 36.25
q 71 7 70.33
q 71 8 91.89
q 71 9 22.64
q 71 10 36.53
q 71 11 23.19
q 71 12 23.47
q 71 13 42.48
q 71 14 31.88
q 71 15 58.54
q 71 16 25.51
q 71 17 -15.75
q 71 18 -2.25
q 71 19 -1.82
q 71 20 -4.07
q 71 21 -8.29
q 71 22 -11.59
q 71 23 -8.99
q 71 24 -18.36
q 71 25 -4.38
q 71 26 -15.65
q 71 27 -14.53
q 71 28 -13.27
q 71 29 -15.35
q 71 30 -12.21
q 71 31 -1.75
q 71 32 -4.75
q 71 33 -12.91
q 72 0 31.32
q 72 1 69.01
q 72 2 28.98
q 72 3 30.67
q 72 4 48.41
q 72 5 25.2
q 72 6 52.73
q 72 7 84.23
q 72 8 50.43
q 72 9 48.86
q 72 10 40.07
q 72 11 98.1
q 72 12 77.79
q 72 13 68.1
q 72 14 50.95
q 72 15 63.03
q 72 16 82.05
q 72 17 -5.97
q 72 18 -13.25
q 72 19 -3.66
q 72 20 -14.92
q 72 21 -16.06
q 72 22 -12.42
q 72 23 -9.99
q 72 24 -5.53
q 72 25 -11.57
q 72 26 -3.11
q 72 27 -2.65
q 72 28 -11.14
q 72 29 -8.08
q 72 30 -1.87
q 72 31 -8.05
q 72 32 -15.52
q 72 33 -15.16
