130 40
c 0 66 19
c 0 73 19
c 0 74 19
c 0 78 19
c 0 79 19
c 0 84 19
c 0 86 19
c 0 110 -29
c 0 124 -27
c 1 60 17
c 1 62 17
c 1 63 17
c 1 64 17
c 1 74 17
c 1 78 17
c 1 79 17
c 1 82 17
c 1 87 17
c 1 88 17
c 1 89 17
c 1 97 -23
c 1 109 -28
c 1 128 -25
c 2 61 31
c 2 64 31
c 2 65 31
c 2 68 31
c 2 71 31
c 2 82 31
c 2 87 31
c 2 88 31
c 2 89 31
c 2 106 -16
c 2 108 -16
c 2 109 -14
c 2 111 -15
c 2 120 -10
c 2 121 -14
c 2 128 -11
c 3 61 18
c 3 63 18
c 3 71 18
c 3 73 18
c 3 89 18
c 3 93 -31
c 3 111 -28
c 3 117 -31
c 3 118 -26
c 3 122 -28
c 4 60 22
c 4 64 22
c 4 66 22
c 4 67 22
c 4 72 22
c 4 84 22
c 4 87 22
c 4 88 22
c 4 101 -21
c 4 106 -25
c 4 117 -27
c 4 122 -24
c 4 126 -23
c 4 127 -27
c 4 129 -19
c 5 60 44
c 5 62 44
c 5 68 44
c 5 69 44
c 5 71 44
c 5 76 44
c 5 80 44
c 5 81 44
c 5 83 44
c 5 84 44
c 5 88 44
c 5 98 -4
c 5 108 -3
c 5 112 -4
c 5 120 3
c 5 121 -1
c 5 127 -5
c 6 61 35
c 6 62 35
c 6 64 35
c 6 65 35
c 6 67 35
c 6 68 35
c 6 69 35
c 6 73 35
c 6 74 35
c 6 77 35
c 6 80 35
c 6 84 35
c 6 90 -6
c 6 99 -15
c 6 102 -11
c 6 106 -12
c 6 127 -14
c 7 65 41
c 7 74 41
c 7 76 41
c 7 77 41
c 7 80 41
c 7 94 -7
c 7 96 1
c 7 102 -5
c 7 106 -6
c 7 111 -5
c 7 125 -3
c 7 127 -8
c 8 62 14
c 8 63 14
c 8 64 14
c 8 68 14
c 8 71 14
c 8 74 14
c 8 75 14
c 8 81 14
c 8 91 -31
c 8 100 -34
c 8 104 -27
c 8 105 -32
c 8 114 -28
c 8 116 -26
c 8 120 -27
c 9 62 35
c 9 74 35
c 9 76 35
c 9 78 35
c 9 80 35
c 9 81 35
c 9 84 35
c 9 86 35
c 9 98 -13
c 9 99 -15
c 9 108 -12
c 9 114 -7
c 9 119 -7
c 9 121 -10
c 10 60 39
c 10 62 39
c 10 63 39
c 10 66 39
c 10 67 39
c 10 68 39
c 10 71 39
c 10 76 39
c 10 77 39
c 10 78 39
c 10 80 39
c 10 81 39
c 10 84 39
c 10 85 39
c 10 87 39
c 10 100 -9
c 10 102 -7
c 10 107 -5
c 10 110 -9
c 10 112 -9
c 10 118 -5
c 10 119 -3
c 10 122 -7
c 10 124 -7
c 10 129 -2
c 11 62 25
c 11 67 25
c 11 68 25
c 11 69 25
c 11 70 25
c 11 72 25
c 11 77 25
c 11 84 25
c 11 85 25
c 11 87 25
c 11 91 -20
c 11 98 -23
c 11 99 -25
c 11 117 -24
c 11 129 -16
c 12 60 22
c 12 65 22
c 12 70 22
c 12 72 22
c 12 76 22
c 12 77 22
c 12 81 22
c 12 82 22
c 12 93 -27
c 12 100 -26
c 12 103 -18
c 13 65 50
c 13 66 50
c 13 70 50
c 13 71 50
c 13 74 50
c 13 75 50
c 13 77 50
c 13 83 50
c 13 84 50
c 13 86 50
c 13 87 50
c 13 90 9
c 13 96 10
c 13 108 3
c 13 122 4
c 13 127 1
c 14 63 46
c 14 64 46
c 14 66 46
c 14 67 46
c 14 68 46
c 14 69 46
c 14 70 46
c 14 72 46
c 14 74 46
c 14 76 46
c 14 78 46
c 14 84 46
c 14 86 46
c 14 89 46
c 14 92 -4
c 14 95 -2
c 14 98 -2
c 14 107 2
c 14 113 4
c 14 121 1
c 14 126 1
c 15 62 20
c 15 64 20
c 15 71 20
c 15 72 20
c 15 75 20
c 15 82 20
c 15 97 -20
c 15 104 -21
c 15 107 -24
c 15 116 -20
c 15 120 -21
c 15 124 -26
c 16 60 16
c 16 61 16
c 16 62 16
c 16 68 16
c 16 69 16
c 16 71 16
c 16 74 16
c 16 76 16
c 16 83 16
c 16 87 16
c 16 95 -32
c 16 101 -27
c 16 104 -25
c 16 110 -32
c 16 112 -32
c 16 116 -24
c 17 60 48
c 17 74 48
c 17 76 48
c 17 77 48
c 17 79 48
c 17 83 48
c 17 85 48
c 17 88 48
c 17 99 -2
c 17 102 2
c 17 113 6
c 17 115 1
c 17 118 4
c 18 60 27
c 18 61 27
c 18 62 27
c 18 68 27
c 18 70 27
c 18 77 27
c 18 79 27
c 18 80 27
c 18 81 27
c 18 82 27
c 18 87 27
c 18 93 -22
c 18 97 -13
c 18 108 -20
c 18 115 -20
c 18 124 -19
c 18 125 -17
c 18 126 -18
c 18 127 -22
c 19 65 15
c 19 72 15
c 19 94 -33
c 19 97 -25
c 19 100 -33
c 19 102 -31
c 19 104 -26
c 19 106 -32
c 19 107 -29
c 19 108 -32
c 19 109 -30
c 19 118 -29
c 19 120 -26
c 19 123 -25
c 20 67 20
c 20 71 20
c 20 72 20
c 20 77 20
c 20 83 20
c 20 85 20
c 20 86 20
c 20 88 20
c 20 89 20
c 20 90 -21
c 20 93 -29
c 20 113 -22
c 20 120 -21
c 20 122 -26
c 20 126 -25
c 21 61 11
c 21 63 11
c 21 69 11
c 21 77 11
c 21 82 11
c 21 84 11
c 21 89 11
c 21 96 -29
c 21 97 -29
c 21 98 -37
c 21 102 -35
c 21 106 -36
c 21 111 -35
c 21 116 -29
c 22 60 31
c 22 61 31
c 22 65 31
c 22 70 31
c 22 71 31
c 22 72 31
c 22 75 31
c 22 76 31
c 22 77 31
c 22 89 31
c 22 108 -16
c 22 113 -11
c 22 122 -15
c 22 128 -11
c 22 129 -10
c 23 60 36
c 23 71 36
c 23 76 36
c 23 77 36
c 23 80 36
c 23 88 36
c 23 89 36
c 23 95 -12
c 23 106 -11
c 23 115 -11
c 23 116 -4
c 23 118 -8
c 23 127 -13
c 23 129 -5
c 24 67 48
c 24 69 48
c 24 71 48
c 24 72 48
c 24 76 48
c 24 80 48
c 24 83 48
c 24 84 48
c 24 89 48
c 24 92 -2
c 24 96 8
c 24 111 2
c 24 120 7
c 24 122 2
c 24 124 2
c 24 125 4
c 24 128 6
c 25 61 33
c 25 64 33
c 25 65 33
c 25 67 33
c 25 71 33
c 25 76 33
c 25 79 33
c 25 83 33
c 25 84 33
c 25 98 -15
c 25 101 -10
c 25 128 -9
c 26 67 45
c 26 72 45
c 26 73 45
c 26 74 45
c 26 75 45
c 26 77 45
c 26 79 45
c 26 83 45
c 26 84 45
c 26 86 45
c 26 87 45
c 26 88 45
c 26 98 -3
c 26 101 2
c 26 104 4
c 26 110 -3
c 26 112 -3
c 26 113 3
c 27 63 14
c 27 70 14
c 27 72 14
c 27 89 14
c 27 91 -31
c 27 92 -36
c 27 98 -34
c 27 104 -27
c 27 109 -31
c 27 121 -31
c 27 122 -32
c 27 127 -35
c 28 60 23
c 28 61 23
c 28 65 23
c 28 66 23
c 28 74 23
c 28 81 23
c 28 82 23
c 28 83 23
c 28 84 23
c 28 85 23
c 28 87 23
c 28 92 -27
c 28 97 -17
c 28 107 -21
c 28 117 -26
c 28 125 -21
c 29 67 32
c 29 69 32
c 29 71 32
c 29 73 32
c 29 78 32
c 29 83 32
c 29 84 32
c 29 87 32
c 29 89 32
c 29 92 -18
c 29 98 -16
c 29 103 -8
c 29 114 -10
c 29 126 -13
c 30 60 19
c 30 63 19
c 30 69 19
c 30 72 19
c 30 75 19
c 30 78 19
c 30 79 19
c 30 87 19
c 30 94 -29
c 30 103 -21
c 30 104 -22
c 30 123 -21
c 30 126 -26
c 31 60 25
c 31 62 25
c 31 63 25
c 31 75 25
c 31 79 25
c 31 82 25
c 31 85 25
c 31 93 -24
c 31 95 -23
c 31 96 -15
c 31 108 -22
c 31 113 -17
c 31 116 -15
c 31 121 -20
c 31 124 -21
c 31 127 -24
c 32 62 20
c 32 67 20
c 32 69 20
c 32 70 20
c 32 73 20
c 32 75 20
c 32 83 20
c 32 87 20
c 32 89 20
c 32 120 -21
c 32 126 -25
c 32 128 -22
c 33 62 12
c 33 66 12
c 33 71 12
c 33 72 12
c 33 74 12
c 33 75 12
c 33 76 12
c 33 77 12
c 33 78 12
c 33 82 12
c 33 102 -34
c 33 108 -35
c 33 112 -36
c 33 118 -32
c 33 120 -29
c 34 65 33
c 34 70 33
c 34 76 33
c 34 77 33
c 34 81 33
c 34 91 -12
c 34 98 -15
c 34 110 -15
c 34 113 -9
c 34 116 -7
c 34 118 -11
c 34 119 -9
c 34 123 -7
c 34 126 -12
c 35 61 30
c 35 64 30
c 35 68 30
c 35 69 30
c 35 74 30
c 35 75 30
c 35 77 30
c 35 78 30
c 35 79 30
c 35 83 30
c 35 84 30
c 35 89 30
c 35 96 -10
c 35 109 -15
c 35 116 -10
c 35 120 -11
c 36 61 22
c 36 63 22
c 36 69 22
c 36 70 22
c 36 71 22
c 36 79 22
c 36 82 22
c 36 84 22
c 36 85 22
c 36 87 22
c 36 113 -20
c 36 121 -23
c 37 60 39
c 37 70 39
c 37 72 39
c 37 73 39
c 37 86 39
c 37 93 -10
c 37 95 -9
c 37 105 -7
c 37 110 -9
c 37 113 -3
c 37 114 -3
c 37 119 -3
c 38 60 26
c 38 63 26
c 38 67 26
c 38 69 26
c 38 70 26
c 38 71 26
c 38 76 26
c 38 77 26
c 38 80 26
c 38 81 26
c 38 83 26
c 38 91 -19
c 38 93 -23
c 38 94 -22
c 38 98 -22
c 38 104 -15
c 38 115 -21
c 38 116 -14
c 38 119 -16
c 38 124 -20
c 39 65 27
c 39 66 27
c 39 70 27
c 39 74 27
c 39 84 27
c 39 87 27
c 39 88 27
c 39 89 27
c 39 91 -18
c 39 97 -13
c 39 101 -16
c 39 103 -13
c 39 105 -19
c 39 108 -20
c 39 114 -15
c 39 117 -22
c 39 120 -14
c 40 68 38
c 40 69 38
c 40 71 38
c 40 72 38
c 40 79 38
c 40 87 38
c 40 92 -12
c 40 94 -10
c 40 125 -6
c 40 127 -11
c 40 128 -4
c 40 129 -3
c 41 66 12
c 41 67 12
c 41 68 12
c 41 69 12
c 41 71 12
c 41 76 12
c 41 77 12
c 41 79 12
c 41 81 12
c 41 83 12
c 41 84 12
c 41 86 12
c 41 88 12
c 41 109 -33
c 41 110 -36
c 41 112 -36
c 41 115 -35
c 41 116 -28
c 41 121 -33
c 41 124 -34
c 42 63 49
c 42 64 49
c 42 65 49
c 42 70 49
c 42 71 49
c 42 72 49
c 42 77 49
c 42 78 49
c 42 80 49
c 42 82 49
c 42 86 49
c 42 87 49
c 42 89 49
c 42 95 1
c 42 116 9
c 43 61 42
c 43 63 42
c 43 66 42
c 43 68 42
c 43 69 42
c 43 71 42
c 43 74 42
c 43 76 42
c 43 78 42
c 43 80 42
c 43 81 42
c 43 83 42
c 43 85 42
c 43 86 42
c 43 88 42
c 43 89 42
c 43 90 1
c 43 98 -6
c 43 104 1
c 43 108 -5
c 43 120 1
c 43 125 -2
c 43 126 -3
c 43 129 1
c 44 63 22
c 44 65 22
c 44 67 22
c 44 77 22
c 44 78 22
c 44 79 22
c 44 81 22
c 44 95 -26
c 44 96 -18
c 44 104 -19
c 44 105 -24
c 44 112 -26
c 45 60 36
c 45 61 36
c 45 75 36
c 45 76 36
c 45 77 36
c 45 79 36
c 45 80 36
c 45 94 -12
c 45 101 -7
c 45 109 -9
c 45 124 -10
c 45 125 -8
c 46 60 16
c 46 62 16
c 46 63 16
c 46 71 16
c 46 73 16
c 46 75 16
c 46 81 16
c 46 87 16
c 46 88 16
c 46 89 16
c 46 92 -34
c 46 99 -34
c 46 120 -25
c 46 124 -30
c 46 126 -29
c 47 60 49
c 47 62 49
c 47 64 49
c 47 65 49
c 47 69 49
c 47 72 49
c 47 74 49
c 47 80 49
c 47 81 49
c 47 85 49
c 47 90 8
c 47 100 1
c 47 101 6
c 47 103 9
c 47 110 1
c 47 121 4
c 47 129 8
c 48 60 26
c 48 62 26
c 48 63 26
c 48 65 26
c 48 75 26
c 48 78 26
c 48 86 26
c 48 105 -20
c 48 109 -19
c 48 119 -16
c 48 123 -14
c 49 69 20
c 49 73 20
c 49 75 20
c 49 76 20
c 49 88 20
c 49 100 -28
c 49 108 -27
c 49 111 -26
c 49 118 -24
c 49 120 -21
c 49 121 -25
c 49 125 -24
c 50 62 23
c 50 70 23
c 50 72 23
c 50 73 23
c 50 87 23
c 50 88 23
c 50 93 -26
c 50 97 -17
c 50 101 -20
c 50 103 -17
c 50 113 -19
c 50 121 -22
c 50 125 -21
c 50 127 -26
c 51 64 44
c 51 74 44
c 51 77 44
c 51 81 44
c 51 86 44
c 51 87 44
c 51 88 44
c 51 92 -6
c 51 115 -3
c 51 121 -1
c 52 60 25
c 52 61 25
c 52 65 25
c 52 66 25
c 52 69 25
c 52 72 25
c 52 78 25
c 52 82 25
c 52 85 25
c 52 86 25
c 52 87 25
c 52 88 25
c 52 89 25
c 52 95 -23
c 52 98 -23
c 52 103 -15
c 52 110 -23
c 52 111 -21
c 52 122 -21
c 53 62 27
c 53 65 27
c 53 66 27
c 53 68 27
c 53 69 27
c 53 70 27
c 53 72 27
c 53 76 27
c 53 77 27
c 53 83 27
c 53 88 27
c 53 100 -21
c 53 101 -16
c 53 102 -19
c 53 111 -19
c 53 113 -15
c 53 128 -15
c 54 69 49
c 54 76 49
c 54 77 49
c 54 78 49
c 54 80 49
c 54 85 49
c 54 86 49
c 54 89 49
c 54 92 -1
c 54 94 1
c 54 97 9
c 54 101 6
c 54 103 9
c 54 111 3
c 54 114 7
c 54 116 9
c 54 118 5
c 54 124 3
c 55 61 17
c 55 69 17
c 55 71 17
c 55 78 17
c 55 83 17
c 55 89 17
c 55 96 -23
c 55 102 -29
c 55 104 -24
c 55 119 -25
c 55 121 -28
c 55 126 -28
c 56 61 49
c 56 65 49
c 56 69 49
c 56 70 49
c 56 79 49
c 56 80 49
c 56 82 49
c 56 85 49
c 56 99 -1
c 56 102 3
c 56 108 2
c 56 112 1
c 56 119 7
c 56 120 8
c 56 123 9
c 57 61 20
c 57 74 20
c 57 75 20
c 57 77 20
c 57 81 20
c 57 83 20
c 57 86 20
c 57 88 20
c 57 92 -30
c 57 95 -28
c 57 113 -22
c 57 127 -29
c 57 129 -21
c 58 60 30
c 58 62 30
c 58 68 30
c 58 76 30
c 58 81 30
c 58 88 30
c 58 89 30
c 58 95 -18
c 58 97 -10
c 58 109 -15
c 58 111 -16
c 58 120 -11
c 58 125 -14
c 59 60 22
c 59 64 22
c 59 68 22
c 59 70 22
c 59 75 22
c 59 78 22
c 59 80 22
c 59 83 22
c 59 87 22
c 59 88 22
c 59 90 -19
c 59 98 -26
c 59 106 -25
c 59 119 -20
c 59 124 -24
c 59 125 -22
c 60 95 -48
c 60 103 -40
c 60 104 -41
c 60 105 -46
c 60 106 -47
c 60 108 -47
c 60 111 -46
c 60 113 -42
c 60 117 -49
c 60 118 -44
c 60 119 -42
c 60 122 -46
c 60 126 -45
c 60 128 -42
c 61 92 -50
c 61 99 -50
c 61 101 -43
c 61 107 -44
c 61 109 -45
c 61 111 -46
c 61 114 -42
c 61 118 -44
c 61 120 -41
c 61 127 -49
c 62 94 -48
c 62 95 -48
c 62 96 -40
c 62 98 -48
c 62 99 -50
c 62 100 -48
c 62 102 -46
c 62 105 -46
c 62 116 -40
c 62 117 -49
c 62 118 -44
c 62 119 -42
c 62 121 -45
c 62 124 -46
c 63 90 -41
c 63 94 -48
c 63 95 -48
c 63 96 -40
c 63 97 -40
c 63 98 -48
c 63 100 -48
c 63 101 -43
c 63 102 -46
c 63 115 -47
c 63 116 -40
c 63 117 -49
c 63 119 -42
c 63 121 -45
c 63 122 -46
c 63 123 -40
c 63 127 -49
c 64 90 -41
c 64 96 -40
c 64 97 -40
c 64 98 -48
c 64 101 -43
c 64 102 -46
c 64 106 -47
c 64 107 -44
c 64 110 -48
c 64 111 -46
c 64 112 -48
c 64 114 -42
c 64 122 -46
c 64 124 -46
c 64 125 -44
c 64 128 -42
c 65 97 -40
c 65 99 -50
c 65 101 -43
c 65 104 -41
c 65 106 -47
c 65 110 -48
c 65 113 -42
c 65 115 -47
c 65 121 -45
c 65 126 -45
c 65 127 -49
c 66 90 -41
c 66 93 -49
c 66 94 -48
c 66 99 -50
c 66 101 -43
c 66 103 -40
c 66 107 -44
c 66 111 -46
c 66 112 -48
c 66 114 -42
c 66 115 -47
c 66 126 -45
c 67 93 -49
c 67 98 -48
c 67 103 -40
c 67 104 -41
c 67 107 -44
c 67 109 -45
c 67 111 -46
c 67 116 -40
c 67 119 -42
c 67 120 -41
c 67 124 -46
c 67 125 -44
c 67 128 -42
c 68 95 -48
c 68 96 -40
c 68 98 -48
c 68 101 -43
c 68 102 -46
c 68 109 -45
c 68 110 -48
c 68 114 -42
c 68 117 -49
c 68 118 -44
c 68 120 -41
c 68 122 -46
c 68 129 -41
c 69 90 -41
c 69 91 -45
c 69 94 -48
c 69 96 -40
c 69 100 -48
c 69 106 -47
c 69 107 -44
c 69 110 -48
c 69 115 -47
c 69 117 -49
c 69 119 -42
c 69 126 -45
c 69 127 -49
c 69 129 -41
c 70 95 -48
c 70 97 -40
c 70 105 -46
c 70 112 -48
c 70 113 -42
c 70 114 -42
c 70 118 -44
c 70 119 -42
c 70 123 -40
c 71 95 -48
c 71 102 -46
c 71 103 -40
c 71 105 -46
c 71 114 -42
c 71 115 -47
c 71 116 -40
c 71 120 -41
c 71 122 -46
c 71 124 -46
c 72 92 -50
c 72 93 -49
c 72 94 -48
c 72 98 -48
c 72 101 -43
c 72 103 -40
c 72 105 -46
c 72 109 -45
c 72 118 -44
c 72 123 -40
c 72 126 -45
c 72 128 -42
c 72 129 -41
c 73 92 -50
c 73 94 -48
c 73 95 -48
c 73 96 -40
c 73 97 -40
c 73 99 -50
c 73 100 -48
c 73 101 -43
c 73 105 -46
c 73 108 -47
c 73 115 -47
c 73 117 -49
c 73 118 -44
c 73 119 -42
c 73 122 -46
c 73 127 -49
c 73 128 -42
c 74 95 -48
c 74 99 -50
c 74 104 -41
c 74 105 -46
c 74 108 -47
c 74 109 -45
c 74 111 -46
c 74 113 -42
c 74 114 -42
c 74 121 -45
c 74 126 -45
c 74 127 -49
c 74 129 -41
c 75 91 -45
c 75 92 -50
c 75 98 -48
c 75 99 -50
c 75 100 -48
c 75 104 -41
c 75 106 -47
c 75 112 -48
c 75 113 -42
c 75 114 -42
c 75 121 -45
c 75 125 -44
c 76 90 -41
c 76 92 -50
c 76 95 -48
c 76 97 -40
c 76 98 -48
c 76 102 -46
c 76 103 -40
c 76 105 -46
c 76 106 -47
c 76 110 -48
c 76 116 -40
c 76 118 -44
c 76 121 -45
c 76 122 -46
c 76 128 -42
c 77 90 -41
c 77 98 -48
c 77 101 -43
c 77 107 -44
c 77 108 -47
c 77 118 -44
c 77 123 -40
c 77 125 -44
c 78 90 -41
c 78 91 -45
c 78 95 -48
c 78 96 -40
c 78 101 -43
c 78 104 -41
c 78 108 -47
c 78 111 -46
c 78 116 -40
c 78 120 -41
c 78 122 -46
c 78 123 -40
c 78 127 -49
c 79 92 -50
c 79 96 -40
c 79 97 -40
c 79 105 -46
c 79 107 -44
c 79 113 -42
c 79 114 -42
c 79 121 -45
c 79 123 -40
c 79 126 -45
c 79 127 -49
c 80 90 -41
c 80 94 -48
c 80 100 -48
c 80 101 -43
c 80 103 -40
c 80 112 -48
c 80 113 -42
c 80 115 -47
c 80 116 -40
c 80 120 -41
c 80 122 -46
c 80 124 -46
c 80 125 -44
c 80 126 -45
c 80 127 -49
c 80 129 -41
c 81 91 -45
c 81 96 -40
c 81 97 -40
c 81 98 -48
c 81 99 -50
c 81 103 -40
c 81 106 -47
c 81 108 -47
c 81 112 -48
c 81 114 -42
c 81 117 -49
c 81 120 -41
c 81 124 -46
c 81 125 -44
c 81 128 -42
c 82 93 -49
c 82 100 -48
c 82 102 -46
c 82 109 -45
c 82 112 -48
c 82 113 -42
c 82 115 -47
c 82 118 -44
c 82 120 -41
c 82 124 -46
c 82 127 -49
c 82 128 -42
c 83 90 -41
c 83 95 -48
c 83 97 -40
c 83 102 -46
c 83 103 -40
c 83 108 -47
c 83 109 -45
c 83 110 -48
c 83 111 -46
c 83 116 -40
c 83 119 -42
c 83 121 -45
c 83 122 -46
c 83 129 -41
c 84 93 -49
c 84 95 -48
c 84 96 -40
c 84 97 -40
c 84 99 -50
c 84 102 -46
c 84 103 -40
c 84 106 -47
c 84 121 -45
c 84 123 -40
c 84 126 -45
c 84 128 -42
c 85 92 -50
c 85 96 -40
c 85 99 -50
c 85 100 -48
c 85 102 -46
c 85 106 -47
c 85 107 -44
c 85 110 -48
c 85 112 -48
c 85 114 -42
c 85 116 -40
c 85 119 -42
c 85 124 -46
c 86 90 -41
c 86 91 -45
c 86 92 -50
c 86 99 -50
c 86 100 -48
c 86 103 -40
c 86 105 -46
c 86 112 -48
c 86 113 -42
c 86 115 -47
c 86 117 -49
c 86 120 -41
c 86 124 -46
c 87 90 -41
c 87 91 -45
c 87 96 -40
c 87 103 -40
c 87 110 -48
c 87 117 -49
c 87 123 -40
c 87 127 -49
c 87 128 -42
c 88 91 -45
c 88 92 -50
c 88 94 -48
c 88 98 -48
c 88 101 -43
c 88 107 -44
c 88 110 -48
c 88 112 -48
c 88 114 -42
c 88 120 -41
c 88 121 -45
c 88 123 -40
c 89 92 -50
c 89 93 -49
c 89 94 -48
c 89 95 -48
c 89 97 -40
c 89 100 -48
c 89 103 -40
c 89 106 -47
c 89 108 -47
c 89 117 -49
c 89 119 -42
c 89 120 -41
c 89 123 -40
c 89 124 -46
c 89 126 -45
bu 0 36
bu 1 276
bu 2 169
bu 3 40
bu 4 229
bu 5 212
bu 6 117
bu 7 54
bu 8 102
bu 9 58
bu 10 275
bu 11 216
bu 12 253
bu 13 304
bu 14 165
bu 15 143
bu 16 72
bu 17 264
bu 18 298
bu 19 129
bu 20 156
bu 21 154
bu 22 268
bu 23 141
bu 24 17
bu 25 71
bu 26 151
bu 27 72
bu 28 253
bu 29 213
bu 30 195
bu 31 56
bu 32 264
bu 33 247
bu 34 114
bu 35 227
bu 36 207
bu 37 281
bu 38 80
bu 39 282
bu 40 58
bu 41 178
bu 42 25
bu 43 102
bu 44 64
bu 45 133
bu 46 212
bu 47 17
bu 48 247
bu 49 177
bu 50 77
bu 51 120
bu 52 275
bu 53 197
bu 54 260
bu 55 189
bu 56 218
bu 57 16
bu 58 107
bu 59 11
bu 60 60
bu 61 70
bu 62 186
bu 63 165
bu 64 61
bu 65 60
bu 66 154
bu 67 64
bu 68 94
bu 69 94
bu 70 159
bu 71 66
bu 72 186
bu 73 53
bu 74 65
bu 75 170
bu 76 123
bu 77 107
bu 78 183
bu 79 176
bu 80 122
bu 81 159
bu 82 70
bu 83 144
bu 84 88
bu 85 164
bu 86 193
bu 87 190
bu 88 187
bu 89 100
bu 90 297
bu 91 148
bu 92 211
bu 93 140
bu 94 79
bu 95 277
bu 96 79
bu 97 274
bu 98 35
bu 99 142
bu 100 226
bu 101 194
bu 102 206
bu 103 267
bu 104 63
bu 105 19
bu 106 63
bu 107 77
bu 108 186
bu 109 283
bu 110 290
bu 111 261
bu 112 106
bu 113 286
bu 114 83
bu 115 163
bu 116 222
bu 117 127
bu 118 38
bu 119 290
bu 120 176
bu 121 266
bu 122 228
bu 123 266
bu 124 260
bu 125 81
bu 126 263
bu 127 176
bu 128 29
bu 129 14
q 0 0 51.33
q 0 1 21.09
q 0 2 49.27
q 0 3 36.85
q 0 4 69.08
q 0 5 52.2
q 0 6 76.83
q 0 7 72.19
q 0 8 67.21
q 0 9 62.05
q 0 10 76.95
q 0 11 19.33
q 0 12 51.39
q 0 13 66.38
q 0 14 8.14
q 0 15 36.6
q 0 16 3.23
q 0 17 32.84
q 0 18 53.59
q 0 19 44.13
q 0 20 -51.33
q 0 21 -21.09
q 0 22 -49.27
q 0 23 -36.85
q 0 24 -69.08
q 0 25 -52.2
q 0 26 -76.83
q 0 27 -72.19
q 0 28 -67.21
q 0 29 -62.05
q 0 30 -76.95
q 0 31 -19.33
q 0 32 -51.39
q 0 33 -66.38
q 0 34 -8.14
q 0 35 -36.6
q 0 36 -3.23
q 0 37 -32.84
q 0 38 -53.59
q 0 39 -44.13
q 1 0 30.21
q 1 1 2.79
q 1 2 31
q 1 3 64.45
q 1 4 53.86
q 1 5 55.05
q 1 6 54.01
q 1 7 78.52
q 1 8 15.87
q 1 9 69
q 1 10 66.85
q 1 11 41.33
q 1 12 16.42
q 1 13 73.11
q 1 14 79.55
q 1 15 65.81
q 1 16 39.03
q 1 17 71.82
q 1 18 56.29
q 1 19 78.14
q 1 20 -30.21
q 1 21 -2.79
q 1 22 -31
q 1 23 -64.45
q 1 24 -53.86
q 1 25 -55.05
q 1 26 -54.01
q 1 27 -78.52
q 1 28 -15.87
q 1 29 -69
q 1 30 -66.85
q 1 31 -41.33
q 1 32 -16.42
q 1 33 -73.11
q 1 34 -79.55
q 1 35 -65.81
q 1 36 -39.03
q 1 37 -71.82
q 1 38 -56.29
q 1 39 -78.14
q 2 0 70.09
q 2 1 30.17
q 2 2 23.83
q 2 3 0.4
q 2 4 63.33
q 2 5 61.66
q 2 6 35.12
q 2 7 46.9
q 2 8 29.5
q 2 9 34.07
q 2 10 45.41
q 2 11 78.89
q 2 12 76.77
q 2 13 63.92
q 2 14 72.8
q 2 15 71.76
q 2 16 60.07
q 2 17 37.5
q 2 18 14.82
q 2 19 20.64
q 2 20 -70.09
q 2 21 -30.17
q 2 22 -23.83
q 2 23 -0.4
q 2 24 -63.33
q 2 25 -61.66
q 2 26 -35.12
q 2 27 -46.9
q 2 28 -29.5
q 2 29 -34.07
q 2 30 -45.41
q 2 31 -78.89
q 2 32 -76.77
q 2 33 -63.92
q 2 34 -72.8
q 2 35 -71.76
q 2 36 -60.07
q 2 37 -37.5
q 2 38 -14.82
q 2 39 -20.64
q 3 0 58.03
q 3 1 42.39
q 3 2 47.48
q 3 3 11.32
q 3 4 67.8
q 3 5 44.13
q 3 6 9.51
q 3 7 6.81
q 3 8 45.05
q 3 9 28.86
q 3 10 53.63
q 3 11 34.91
q 3 12 74.1
q 3 13 42.57
q 3 14 28.59
q 3 15 5.1
q 3 16 57.72
q 3 17 43.99
q 3 18 73.29
q 3 19 25.18
q 3 20 -58.03
q 3 21 -42.39
q 3 22 -47.48
q 3 23 -11.32
q 3 24 -67.8
q 3 25 -44.13
q 3 26 -9.51
q 3 27 -6.81
q 3 28 -45.05
q 3 29 -28.86
q 3 30 -53.63
q 3 31 -34.91
q 3 32 -74.1
q 3 33 -42.57
q 3 34 -28.59
q 3 35 -5.1
q 3 36 -57.72
q 3 37 -43.99
q 3 38 -73.29
q 3 39 -25.18
q 4 0 16.68
q 4 1 2.43
q 4 2 30.59
q 4 3 8.06
q 4 4 62.99
q 4 5 28.78
q 4 6 69.14
q 4 7 11.19
q 4 8 20.28
q 4 9 22.12
q 4 10 20.54
q 4 11 36.21
q 4 12 79.92
q 4 13 61.94
q 4 14 77.4
q 4 15 30.74
q 4 16 56.47
q 4 17 55.32
q 4 18 69.07
q 4 19 42.78
q 4 20 -16.68
q 4 21 -2.43
q 4 22 -30.59
q 4 23 -8.06
q 4 24 -62.99
q 4 25 -28.78
q 4 26 -69.14
q 4 27 -11.19
q 4 28 -20.28
q 4 29 -22.12
q 4 30 -20.54
q 4 31 -36.21
q 4 32 -79.92
q 4 33 -61.94
q 4 34 -77.4
q 4 35 -30.74
q 4 36 -56.47
q 4 37 -55.32
q 4 38 -69.07
q 4 39 -42.78
q 5 0 63.71
q 5 1 17.48
q 5 2 30.7
q 5 3 57.42
q 5 4 19.82
q 5 5 43.26
q 5 6 74.61
q 5 7 25.01
q 5 8 62.14
q 5 9 78.22
q 5 10 46.13
q 5 11 27.6
q 5 12 67.79
q 5 13 22.63
q 5 14 60.67
q 5 15 17.91
q 5 16 24.21
q 5 17 44.51
q 5 18 10.48
q 5 19 4.39
q 5 20 -63.71
q 5 21 -17.48
q 5 22 -30.7
q 5 23 -57.42
q 5 24 -19.82
q 5 25 -43.26
q 5 26 -74.61
q 5 27 -25.01
q 5 28 -62.14
q 5 29 -78.22
q 5 30 -46.13
q 5 31 -27.6
q 5 32 -67.79
q 5 33 -22.63
q 5 34 -60.67
q 5 35 -17.91
q 5 36 -24.21
q 5 37 -44.51
q 5 38 -10.48
q 5 39 -4.39
q 6 0 44.84
q 6 1 23.74
q 6 2 73.88
q 6 3 59.3
q 6 4 40.06
q 6 5 3.98
q 6 6 4.97
q 6 7 79.95
q 6 8 16.64
q 6 9 41.47
q 6 10 74.31
q 6 11 70.9
q 6 12 22.9
q 6 13 57.01
q 6 14 33.67
q 6 15 24.67
q 6 16 17.91
q 6 17 11.28
q 6 18 28.41
q 6 19 18.16
q 6 20 -44.84
q 6 21 -23.74
q 6 22 -73.88
q 6 23 -59.3
q 6 24 -40.06
q 6 25 -3.98
q 6 26 -4.97
q 6 27 -79.95
q 6 28 -16.64
q 6 29 -41.47
q 6 30 -74.31
q 6 31 -70.9
q 6 32 -22.9
q 6 33 -57.01
q 6 34 -33.67
q 6 35 -24.67
q 6 36 -17.91
q 6 37 -11.28
q 6 38 -28.41
q 6 39 -18.16
q 7 0 27.78
q 7 1 23.66
q 7 2 14.59
q 7 3 21.11
q 7 4 68.18
q 7 5 75.47
q 7 6 5.38
q 7 7 12.57
q 7 8 58.63
q 7 9 31.94
q 7 10 20
q 7 11 72.52
q 7 12 52.28
q 7 13 79.66
q 7 14 2.03
q 7 15 43.1
q 7 16 64.23
q 7 17 3.53
q 7 18 71.84
q 7 19 50.27
q 7 20 -27.78
q 7 21 -23.66
q 7 22 -14.59
q 7 23 -21.11
q 7 24 -68.18
q 7 25 -75.47
q 7 26 -5.38
q 7 27 -12.57
q 7 28 -58.63
q 7 29 -31.94
q 7 30 -20
q 7 31 -72.52
q 7 32 -52.28
q 7 33 -79.66
q 7 34 -2.03
q 7 35 -43.1
q 7 36 -64.23
q 7 37 -3.53
q 7 38 -71.84
q 7 39 -50.27
q 8 0 78.15
q 8 1 37.21
q 8 2 36.37
q 8 3 9.23
q 8 4 65.4
q 8 5 71.65
q 8 6 10.81
q 8 7 41.41
q 8 8 51.93
q 8 9 79.43
q 8 10 39.56
q 8 11 36.31
q 8 12 29.68
q 8 13 7.53
q 8 14 22.14
q 8 15 77.05
q 8 16 51.29
q 8 17 51.68
q 8 18 76.09
q 8 19 44.52
q 8 20 -78.15
q 8 21 -37.21
q 8 22 -36.37
q 8 23 -9.23
q 8 24 -65.4
q 8 25 -71.65
q 8 26 -10.81
q 8 27 -41.41
q 8 28 -51.93
q 8 29 -79.43
q 8 30 -39.56
q 8 31 -36.31
q 8 32 -29.68
q 8 33 -7.53
q 8 34 -22.14
q 8 35 -77.05
q 8 36 -51.29
q 8 37 -51.68
q 8 38 -76.09
q 8 39 -44.52
q 9 0 16.75
q 9 1 35.48
q 9 2 38.46
q 9 3 24.36
q 9 4 70.41
q 9 5 61.08
q 9 6 36.07
q 9 7 56.11
q 9 8 56.53
q 9 9 62.89
q 9 10 9.99
q 9 11 9.03
q 9 12 55.48
q 9 13 8.54
q 9 14 9.33
q 9 15 41.13
q 9 16 33.99
q 9 17 60.4
q 9 18 54.46
q 9 19 2.53
q 9 20 -16.75
q 9 21 -35.48
q 9 22 -38.46
q 9 23 -24.36
q 9 24 -70.41
q 9 25 -61.08
q 9 26 -36.07
q 9 27 -56.11
q 9 28 -56.53
q 9 29 -62.89
q 9 30 -9.99
q 9 31 -9.03
q 9 32 -55.48
q 9 33 -8.54
q 9 34 -9.33
q 9 35 -41.13
q 9 36 -33.99
q 9 37 -60.4
q 9 38 -54.46
q 9 39 -2.53
q 10 0 47.72
q 10 1 48.38
q 10 2 69.65
q 10 3 60.1
q 10 4 58.47
q 10 5 58.83
q 10 6 13.96
q 10 7 77.56
q 10 8 20.94
q 10 9 51.07
q 10 10 48.25
q 10 11 62.91
q 10 12 32.22
q 10 13 63.22
q 10 14 33.1
q 10 15 67.15
q 10 16 44
q 10 17 19.85
q 10 18 59.46
q 10 19 26.2
q 10 20 -47.72
q 10 21 -48.38
q 10 22 -69.65
q 10 23 -60.1
q 10 24 -58.47
q 10 25 -58.83
q 10 26 -13.96
q 10 27 -77.56
q 10 28 -20.94
q 10 29 -51.07
q 10 30 -48.25
q 10 31 -62.91
q 10 32 -32.22
q 10 33 -63.22
q 10 34 -33.1
q 10 35 -67.15
q 10 36 -44
q 10 37 -19.85
q 10 38 -59.46
q 10 39 -26.2
q 11 0 41.88
q 11 1 40.65
q 11 2 72.95
q 11 3 77.34
q 11 4 33.37
q 11 5 69.57
q 11 6 17.29
q 11 7 37.46
q 11 8 58.23
q 11 9 17.42
q 11 10 66.9
q 11 11 60.39
q 11 12 29.42
q 11 13 16.05
q 11 14 30.3
q 11 15 61.96
q 11 16 3.79
q 11 17 62.43
q 11 18 30.1
q 11 19 14.78
q 11 20 -41.88
q 11 21 -40.65
q 11 22 -72.95
q 11 23 -77.34
q 11 24 -33.37
q 11 25 -69.57
q 11 26 -17.29
q 11 27 -37.46
q 11 28 -58.23
q 11 29 -17.42
q 11 30 -66.9
q 11 31 -60.39
q 11 32 -29.42
q 11 33 -16.05
q 11 34 -30.3
q 11 35 -61.96
q 11 36 -3.79
q 11 37 -62.43
q 11 38 -30.1
q 11 39 -14.78
q 12 0 70.18
q 12 1 47.01
q 12 2 22.97
q 12 3 59.71
q 12 4 14.41
q 12 5 17.38
q 12 6 50.64
q 12 7 20.25
q 12 8 69.06
q 12 9 70.54
q 12 10 45.6
q 12 11 52.43
q 12 12 0.21
q 12 13 60.93
q 12 14 41.03
q 12 15 40.77
q 12 16 68.89
q 12 17 4.75
q 12 18 20.37
q 12 19 36.65
q 12 20 -70.18
q 12 21 -47.01
q 12 22 -22.97
q 12 23 -59.71
q 12 24 -14.41
q 12 25 -17.38
q 12 26 -50.64
q 12 27 -20.25
q 12 28 -69.06
q 12 29 -70.54
q 12 30 -45.6
q 12 31 -52.43
q 12 32 -0.21
q 12 33 -60.93
q 12 34 -41.03
q 12 35 -40.77
q 12 36 -68.89
q 12 37 -4.75
q 12 38 -20.37
q 12 39 -36.65
q 13 0 42.67
q 13 1 42.6
q 13 2 10.41
q 13 3 34.89
q 13 4 1.99
q 13 5 2.34
q 13 6 10.2
q 13 7 16.86
q 13 8 29.15
q 13 9 73.51
q 13 10 72.85
q 13 11 42.91
q 13 12 36.69
q 13 13 76.22
q 13 14 47.58
q 13 15 13.64
q 13 16 62.42
q 13 17 75.1
q 13 18 74.31
q 13 19 51.67
q 13 20 -42.67
q 13 21 -42.6
q 13 22 -10.41
q 13 23 -34.89
q 13 24 -1.99
q 13 25 -2.34
q 13 26 -10.2
q 13 27 -16.86
q 13 28 -29.15
q 13 29 -73.51
q 13 30 -72.85
q 13 31 -42.91
q 13 32 -36.69
q 13 33 -76.22
q 13 34 -47.58
q 13 35 -13.64
q 13 36 -62.42
q 13 37 -75.1
q 13 38 -74.31
q 13 39 -51.67
q 14 0 53.62
q 14 1 7.74
q 14 2 44.44
q 14 3 44.69
q 14 4 32.13
q 14 5 23.03
q 14 6 0.66
q 14 7 12.74
q 14 8 10.24
q 14 9 56.24
q 14 10 39.9
q 14 11 62.54
q 14 12 16.72
q 14 13 42.47
q 14 14 61.32
q 14 15 46.32
q 14 16 0.27
q 14 17 49.13
q 14 18 71.34
q 14 19 60.87
q 14 20 -53.62
q 14 21 -7.74
q 14 22 -44.44
q 14 23 -44.69
q 14 24 -32.13
q 14 25 -23.03
q 14 26 -0.66
q 14 27 -12.74
q 14 28 -10.24
q 14 29 -56.24
q 14 30 -39.9
q 14 31 -62.54
q 14 32 -16.72
q 14 33 -42.47
q 14 34 -61.32
q 14 35 -46.32
q 14 36 -0.27
q 14 37 -49.13
q 14 38 -71.34
q 14 39 -60.87
q 15 0 18.45
q 15 1 72.32
q 15 2 7.98
q 15 3 3.05
q 15 4 14.83
q 15 5 33.88
q 15 6 75.29
q 15 7 71.96
q 15 8 0.69
q 15 9 39.53
q 15 10 44.95
q 15 11 17.33
q 15 12 45.13
q 15 13 58.82
q 15 14 78.15
q 15 15 11.18
q 15 16 16.18
q 15 17 11.28
q 15 18 57.71
q 15 19 30.8
q 15 20 -18.45
q 15 21 -72.32
q 15 22 -7.98
q 15 23 -3.05
q 15 24 -14.83
q 15 25 -33.88
q 15 26 -75.29
q 15 27 -71.96
q 15 28 -0.69
q 15 29 -39.53
q 15 30 -44.95
q 15 31 -17.33
q 15 32 -45.13
q 15 33 -58.82
q 15 34 -78.15
q 15 35 -11.18
q 15 36 -16.18
q 15 37 -11.28
q 15 38 -57.71
q 15 39 -30.8
q 16 0 31.92
q 16 1 56.69
q 16 2 2.56
q 16 3 40.05
q 16 4 26.06
q 16 5 21.46
q 16 6 68.17
q 16 7 11.12
q 16 8 24.66
q 16 9 35.61
q 16 10 54.14
q 16 11 37.52
q 16 12 53.98
q 16 13 79.2
q 16 14 20.21
q 16 15 60.84
q 16 16 4.11
q 16 17 74.02
q 16 18 63.96
q 16 19 50
q 16 20 -31.92
q 16 21 -56.69
q 16 22 -2.56
q 16 23 -40.05
q 16 24 -26.06
q 16 25 -21.46
q 16 26 -68.17
q 16 27 -11.12
q 16 28 -24.66
q 16 29 -35.61
q 16 30 -54.14
q 16 31 -37.52
q 16 32 -53.98
q 16 33 -79.2
q 16 34 -20.21
q 16 35 -60.84
q 16 36 -4.11
q 16 37 -74.02
q 16 38 -63.96
q 16 39 -50
q 17 0 76.22
q 17 1 21.14
q 17 2 6.21
q 17 3 3.17
q 17 4 64.4
q 17 5 11.86
q 17 6 65.86
q 17 7 73.7
q 17 8 77.7
q 17 9 45.29
q 17 10 64.98
q 17 11 65.71
q 17 12 6.63
q 17 13 67.33
q 17 14 63.67
q 17 15 8.66
q 17 16 5.55
q 17 17 43.44
q 17 18 33.88
q 17 19 40.37
q 17 20 -76.22
q 17 21 -21.14
q 17 22 -6.21
q 17 23 -3.17
q 17 24 -64.4
q 17 25 -11.86
q 17 26 -65.86
q 17 27 -73.7
q 17 28 -77.7
q 17 29 -45.29
q 17 30 -64.98
q 17 31 -65.71
q 17 32 -6.63
q 17 33 -67.33
q 17 34 -63.67
q 17 35 -8.66
q 17 36 -5.55
q 17 37 -43.44
q 17 38 -33.88
q 17 39 -40.37
q 18 0 63.37
q 18 1 48.97
q 18 2 71.77
q 18 3 71.99
q 18 4 46.04
q 18 5 30.03
q 18 6 62.65
q 18 7 16.97
q 18 8 14.37
q 18 9 55.27
q 18 10 13.81
q 18 11 48.58
q 18 12 57.28
q 18 13 9.51
q 18 14 13.76
q 18 15 30.1
q 18 16 46.08
q 18 17 39
q 18 18 57.47
q 18 19 10.69
q 18 20 -63.37
q 18 21 -48.97
q 18 22 -71.77
q 18 23 -71.99
q 18 24 -46.04
q 18 25 -30.03
q 18 26 -62.65
q 18 27 -16.97
q 18 28 -14.37
q 18 29 -55.27
q 18 30 -13.81
q 18 31 -48.58
q 18 32 -57.28
q 18 33 -9.51
q 18 34 -13.76
q 18 35 -30.1
q 18 36 -46.08
q 18 37 -39
q 18 38 -57.47
q 18 39 -10.69
q 19 0 69.13
q 19 1 10.46
q 19 2 43.66
q 19 3 3.26
q 19 4 73.61
q 19 5 1.31
q 19 6 9.47
q 19 7 33.7
q 19 8 73.81
q 19 9 63.57
q 19 10 62.05
q 19 11 21.11
q 19 12 1.15
q 19 13 70.32
q 19 14 53.44
q 19 15 53.11
q 19 16 74.14
q 19 17 11.85
q 19 18 20.35
q 19 19 50.41
q 19 20 -69.13
q 19 21 -10.46
q 19 22 -43.66
q 19 23 -3.26
q 19 24 -73.61
q 19 25 -1.31
q 19 26 -9.47
q 19 27 -33.7
q 19 28 -73.81
q 19 29 -63.57
q 19 30 -62.05
q 19 31 -21.11
q 19 32 -1.15
q 19 33 -70.32
q 19 34 -53.44
q 19 35 -53.11
q 19 36 -74.14
q 19 37 -11.85
q 19 38 -20.35
q 19 39 -50.41
q 20 0 27.4
q 20 1 71.86
q 20 2 64.34
q 20 3 69.18
q 20 4 53.72
q 20 5 55.31
q 20 6 8.55
q 20 7 1.73
q 20 8 5.72
q 20 9 55.01
q 20 10 16.51
q 20 11 48.2
q 20 12 22.05
q 20 13 48.85
q 20 14 58.9
q 20 15 39.01
q 20 16 43.65
q 20 17 32.44
q 20 18 18.56
q 20 19 15.46
q 20 20 -27.4
q 20 21 -71.86
q 20 22 -64.34
q 20 23 -69.18
q 20 24 -53.72
q 20 25 -55.31
q 20 26 -8.55
q 20 27 -1.73
q 20 28 -5.72
q 20 29 -55.01
q 20 30 -16.51
q 20 31 -48.2
q 20 32 -22.05
q 20 33 -48.85
q 20 34 -58.9
q 20 35 -39.01
q 20 36 -43.65
q 20 37 -32.44
q 20 38 -18.56
q 20 39 -15.46
q 21 0 9.29
q 21 1 70.48
q 21 2 47.25
q 21 3 20.53
q 21 4 14.64
q 21 5 55.95
q 21 6 56.85
q 21 7 63.17
q 21 8 39.64
q 21 9 18.86
q 21 10 67.83
q 21 11 54.57
q 21 12 15.19
q 21 13 30.02
q 21 14 50.21
q 21 15 27.01
q 21 16 58.86
q 21 17 62.62
q 21 18 14.24
q 21 19 14.92
q 21 20 -9.29
q 21 21 -70.48
q 21 22 -47.25
q 21 23 -20.53
q 21 24 -14.64
q 21 25 -55.95
q 21 26 -56.85
q 21 27 -63.17
q 21 28 -39.64
q 21 29 -18.86
q 21 30 -67.83
q 21 31 -54.57
q 21 32 -15.19
q 21 33 -30.02
q 21 34 -50.21
q 21 35 -27.01
q 21 36 -58.86
q 21 37 -62.62
q 21 38 -14.24
q 21 39 -14.92
q 22 0 73.44
q 22 1 51.24
q 22 2 72.05
q 22 3 58.51
q 22 4 10.61
q 22 5 10.3
q 22 6 69.42
q 22 7 5.8
q 22 8 0.54
q 22 9 69.14
q 22 10 22.26
q 22 11 76.08
q 22 12 27.89
q 22 13 18.72
q 22 14 29.42
q 22 15 32.86
q 22 16 54.32
q 22 17 53.96
q 22 18 29.6
q 22 19 35.51
q 22 20 -73.44
q 22 21 -51.24
q 22 22 -72.05
q 22 23 -58.51
q 22 24 -10.61
q 22 25 -10.3
q 22 26 -69.42
q 22 27 -5.8
q 22 28 -0.54
q 22 29 -69.14
q 22 30 -22.26
q 22 31 -76.08
q 22 32 -27.89
q 22 33 -18.72
q 22 34 -29.42
q 22 35 -32.86
q 22 36 -54.32
q 22 37 -53.96
q 22 38 -29.6
q 22 39 -35.51
q 23 0 30.12
q 23 1 68.78
q 23 2 60.81
q 23 3 6.15
q 23 4 54.75
q 23 5 69.62
q 23 6 76.2
q 23 7 41.73
q 23 8 12.89
q 23 9 31.56
q 23 10 58.56
q 23 11 33.11
q 23 12 34.05
q 23 13 4.88
q 23 14 79.72
q 23 15 6.76
q 23 16 26.64
q 23 17 3.91
q 23 18 31.22
q 23 19 74.01
q 23 20 -30.12
q 23 21 -68.78
q 23 22 -60.81
q 23 23 -6.15
q 23 24 -54.75
q 23 25 -69.62
q 23 26 -76.2
q 23 27 -41.73
q 23 28 -12.89
q 23 29 -31.56
q 23 30 -58.56
q 23 31 -33.11
q 23 32 -34.05
q 23 33 -4.88
q 23 34 -79.72
q 23 35 -6.76
q 23 36 -26.64
q 23 37 -3.91
q 23 38 -31.22
q 23 39 -74.01
q 24 0 59.2
q 24 1 13.82
q 24 2 24.21
q 24 3 44.33
q 24 4 22.22
q 24 5 71.61
q 24 6 52.33
q 24 7 69.19
q 24 8 52.93
q 24 9 76.14
q 24 10 19.71
q 24 11 39.97
q 24 12 75.22
q 24 13 79.45
q 24 14 1.88
q 24 15 46.89
q 24 16 19.44
q 24 17 31.11
q 24 18 71.27
q 24 19 6.18
q 24 20 -59.2
q 24 21 -13.82
q 24 22 -24.21
q 24 23 -44.33
q 24 24 -22.22
q 24 25 -71.61
q 24 26 -52.33
q 24 27 -69.19
q 24 28 -52.93
q 24 29 -76.14
q 24 30 -19.71
q 24 31 -39.97
q 24 32 -75.22
q 24 33 -79.45
q 24 34 -1.88
q 24 35 -46.89
q 24 36 -19.44
q 24 37 -31.11
q 24 38 -71.27
q 24 39 -6.18
q 25 0 27.88
q 25 1 71.28
q 25 2 18.81
q 25 3 2.54
q 25 4 13.87
q 25 5 43.48
q 25 6 51.73
q 25 7 5.22
q 25 8 66.29
q 25 9 9.84
q 25 10 55.3
q 25 11 64.75
q 25 12 40.28
q 25 13 47.47
q 25 14 58.84
q 25 15 78.11
q 25 16 22.32
q 25 17 74.32
q 25 18 46.07
q 25 19 70.03
q 25 20 -27.88
q 25 21 -71.28
q 25 22 -18.81
q 25 23 -2.54
q 25 24 -13.87
q 25 25 -43.48
q 25 26 -51.73
q 25 27 -5.22
q 25 28 -66.29
q 25 29 -9.84
q 25 30 -55.3
q 25 31 -64.75
q 25 32 -40.28
q 25 33 -47.47
q 25 34 -58.84
q 25 35 -78.11
q 25 36 -22.32
q 25 37 -74.32
q 25 38 -46.07
q 25 39 -70.03
q 26 0 20.56
q 26 1 5.14
q 26 2 75.25
q 26 3 36.18
q 26 4 54
q 26 5 25.72
q 26 6 20.3
q 26 7 78.1
q 26 8 6.91
q 26 9 7.89
q 26 10 41.63
q 26 11 72.79
q 26 12 14.33
q 26 13 63.19
q 26 14 71.4
q 26 15 51.23
q 26 16 33.99
q 26 17 24.84
q 26 18 56.02
q 26 19 15.46
q 26 20 -20.56
q 26 21 -5.14
q 26 22 -75.25
q 26 23 -36.18
q 26 24 -54
q 26 25 -25.72
q 26 26 -20.3
q 26 27 -78.1
q 26 28 -6.91
q 26 29 -7.89
q 26 30 -41.63
q 26 31 -72.79
q 26 32 -14.33
q 26 33 -63.19
q 26 34 -71.4
q 26 35 -51.23
q 26 36 -33.99
q 26 37 -24.84
q 26 38 -56.02
q 26 39 -15.46
q 27 0 68.18
q 27 1 31.37
q 27 2 19.5
q 27 3 55.76
q 27 4 61.43
q 27 5 19.62
q 27 6 69.06
q 27 7 64.79
q 27 8 78.06
q 27 9 57.26
q 27 10 13.66
q 27 11 0.71
q 27 12 66.15
q 27 13 57.06
q 27 14 32.93
q 27 15 14.52
q 27 16 33.98
q 27 17 16.78
q 27 18 65.8
q 27 19 28.01
q 27 20 -68.18
q 27 21 -31.37
q 27 22 -19.5
q 27 23 -55.76
q 27 24 -61.43
q 27 25 -19.62
q 27 26 -69.06
q 27 27 -64.79
q 27 28 -78.06
q 27 29 -57.26
q 27 30 -13.66
q 27 31 -0.71
q 27 32 -66.15
q 27 33 -57.06
q 27 34 -32.93
q 27 35 -14.52
q 27 36 -33.98
q 27 37 -16.78
q 27 38 -65.8
q 27 39 -28.01
q 28 0 23.58
q 28 1 23.81
q 28 2 22.95
q 28 3 17.83
q 28 4 29.29
q 28 5 54.55
q 28 6 25.46
q 28 7 10.73
q 28 8 70.17
q 28 9 12.15
q 28 10 24.4
q 28 11 38.3
q 28 12 63.23
q 28 13 27.33
q 28 14 34.32
q 28 15 0.16
q 28 16 4.97
q 28 17 63.59
q 28 18 62.96
q 28 19 79.45
q 28 20 -23.58
q 28 21 -23.81
q 28 22 -22.95
q 28 23 -17.83
q 28 24 -29.29
q 28 25 -54.55
q 28 26 -25.46
q 28 27 -10.73
q 28 28 -70.17
q 28 29 -12.15
q 28 30 -24.4
q 28 31 -38.3
q 28 32 -63.23
q 28 33 -27.33
q 28 34 -34.32
q 28 35 -0.16
q 28 36 -4.97
q 28 37 -63.59
q 28 38 -62.96
q 28 39 -79.45
q 29 0 2.96
q 29 1 49.89
q 29 2 1.63
q 29 3 9.57
q 29 4 65.76
q 29 5 79.22
q 29 6 35.84
q 29 7 5.08
q 29 8 41.65
q 29 9 13.66
q 29 10 76.53
q 29 11 31.93
q 29 12 5.67
q 29 13 76.18
q 29 14 11.52
q 29 15 3.51
q 29 16 26.04
q 29 17 62.35
q 29 18 60.52
q 29 19 60.81
q 29 20 -2.96
q 29 21 -49.89
q 29 22 -1.63
q 29 23 -9.57
q 29 24 -65.76
q 29 25 -79.22
q 29 26 -35.84
q 29 27 -5.08
q 29 28 -41.65
q 29 29 -13.66
q 29 30 -76.53
q 29 31 -31.93
q 29 32 -5.67
q 29 33 -76.18
q 29 34 -11.52
q 29 35 -3.51
q 29 36 -26.04
q 29 37 -62.35
q 29 38 -60.52
q 29 39 -60.81
q 30 0 19.28
q 30 1 4.55
q 30 2 69.79
q 30 3 31.63
q 30 4 15.91
q 30 5 64.8
q 30 6 42.93
q 30 7 78.05
q 30 8 62.32
q 30 9 77.06
q 30 10 29.51
q 30 11 20.76
q 30 12 59.74
q 30 13 44.66
q 30 14 54.79
q 30 15 48.99
q 30 16 57.2
q 30 17 43.37
q 30 18 60.21
q 30 19 74.28
q 30 20 -19.28
q 30 21 -4.55
q 30 22 -69.79
q 30 23 -31.63
q 30 24 -15.91
q 30 25 -64.8
q 30 26 -42.93
q 30 27 -78.05
q 30 28 -62.32
q 30 29 -77.06
q 30 30 -29.51
q 30 31 -20.76
q 30 32 -59.74
q 30 33 -44.66
q 30 34 -54.79
q 30 35 -48.99
q 30 36 -57.2
q 30 37 -43.37
q 30 38 -60.21
q 30 39 -74.28
q 31 0 24.59
q 31 1 27.13
q 31 2 21.02
q 31 3 5.2
q 31 4 56.84
q 31 5 23.9
q 31 6 74.58
q 31 7 57.83
q 31 8 5.32
q 31 9 47.52
q 31 10 28.2
q 31 11 56.8
q 31 12 12.28
q 31 13 2.86
q 31 14 72.56
q 31 15 75.93
q 31 16 37.17
q 31 17 12.17
q 31 18 35.07
q 31 19 60.85
q 31 20 -24.59
q 31 21 -27.13
q 31 22 -21.02
q 31 23 -5.2
q 31 24 -56.84
q 31 25 -23.9
q 31 26 -74.58
q 31 27 -57.83
q 31 28 -5.32
q 31 29 -47.52
q 31 30 -28.2
q 31 31 -56.8
q 31 32 -12.28
q 31 33 -2.86
q 31 34 -72.56
q 31 35 -75.93
q 31 36 -37.17
q 31 37 -12.17
q 31 38 -35.07
q 31 39 -60.85
q 32 0 74.8
q 32 1 27.97
q 32 2 53.42
q 32 3 64.87
q 32 4 67.27
q 32 5 71.48
q 32 6 34.94
q 32 7 39.23
q 32 8 41.35
q 32 9 14.09
q 32 10 11.24
q 32 11 29.43
q 32 12 45.09
q 32 13 35.88
q 32 14 14.17
q 32 15 9
q 32 16 62.36
q 32 17 1.08
q 32 18 39.67
q 32 19 72.31
q 32 20 -74.8
q 32 21 -27.97
q 32 22 -53.42
q 32 23 -64.87
q 32 24 -67.27
q 32 25 -71.48
q 32 26 -34.94
q 32 27 -39.23
q 32 28 -41.35
q 32 29 -14.09
q 32 30 -11.24
q 32 31 -29.43
q 32 32 -45.09
q 32 33 -35.88
q 32 34 -14.17
q 32 35 -9
q 32 36 -62.36
q 32 37 -1.08
q 32 38 -39.67
q 32 39 -72.31
q 33 0 48.17
q 33 1 19.45
q 33 2 78.07
q 33 3 59.91
q 33 4 73.82
q 33 5 50.75
q 33 6 15.86
q 33 7 27.73
q 33 8 48.86
q 33 9 12.42
q 33 10 35.21
q 33 11 48.51
q 33 12 31.15
q 33 13 5.67
q 33 14 29.02
q 33 15 56.92
q 33 16 9.19
q 33 17 22.31
q 33 18 63.71
q 33 19 55.06
q 33 20 -48.17
q 33 21 -19.45
q 33 22 -78.07
q 33 23 -59.91
q 33 24 -73.82
q 33 25 -50.75
q 33 26 -15.86
q 33 27 -27.73
q 33 28 -48.86
q 33 29 -12.42
q 33 30 -35.21
q 33 31 -48.51
q 33 32 -31.15
q 33 33 -5.67
q 33 34 -29.02
q 33 35 -56.92
q 33 36 -9.19
q 33 37 -22.31
q 33 38 -63.71
q 33 39 -55.06
q 34 0 30.01
q 34 1 32.59
q 34 2 28.01
q 34 3 70.96
q 34 4 25.43
q 34 5 65.01
q 34 6 67.38
q 34 7 8.94
q 34 8 79.81
q 34 9 35.86
q 34 10 3
q 34 11 37.5
q 34 12 30.26
q 34 13 70.8
q 34 14 7.42
q 34 15 30.22
q 34 16 48.32
q 34 17 51.13
q 34 18 70.04
q 34 19 60.81
q 34 20 -30.01
q 34 21 -32.59
q 34 22 -28.01
q 34 23 -70.96
q 34 24 -25.43
q 34 25 -65.01
q 34 26 -67.38
q 34 27 -8.94
q 34 28 -79.81
q 34 29 -35.86
q 34 30 -3
q 34 31 -37.5
q 34 32 -30.26
q 34 33 -70.8
q 34 34 -7.42
q 34 35 -30.22
q 34 36 -48.32
q 34 37 -51.13
q 34 38 -70.04
q 34 39 -60.81
q 35 0 59.75
q 35 1 16.85
q 35 2 64.6
q 35 3 59.53
q 35 4 1.52
q 35 5 57.46
q 35 6 53.16
q 35 7 40.55
q 35 8 24.06
q 35 9 66.18
q 35 10 29.45
q 35 11 15.21
q 35 12 60.3
q 35 13 35.79
q 35 14 77.41
q 35 15 32.6
q 35 16 44.66
q 35 17 64.86
q 35 18 72.67
q 35 19 26.44
q 35 20 -59.75
q 35 21 -16.85
q 35 22 -64.6
q 35 23 -59.53
q 35 24 -1.52
q 35 25 -57.46
q 35 26 -53.16
q 35 27 -40.55
q 35 28 -24.06
q 35 29 -66.18
q 35 30 -29.45
q 35 31 -15.21
q 35 32 -60.3
q 35 33 -35.79
q 35 34 -77.41
q 35 35 -32.6
q 35 36 -44.66
q 35 37 -64.86
q 35 38 -72.67
q 35 39 -26.44
q 36 0 26.41
q 36 1 34.53
q 36 2 16.97
q 36 3 76.26
q 36 4 17.83
q 36 5 62.67
q 36 6 15.27
q 36 7 2.56
q 36 8 72.7
q 36 9 37.91
q 36 10 66.17
q 36 11 55.19
q 36 12 53.11
q 36 13 19
q 36 14 37.48
q 36 15 33.71
q 36 16 28.04
q 36 17 10.42
q 36 18 17.27
q 36 19 45.04
q 36 20 -26.41
q 36 21 -34.53
q 36 22 -16.97
q 36 23 -76.26
q 36 24 -17.83
q 36 25 -62.67
q 36 26 -15.27
q 36 27 -2.56
q 36 28 -72.7
q 36 29 -37.91
q 36 30 -66.17
q 36 31 -55.19
q 36 32 -53.11
q 36 33 -19
q 36 34 -37.48
q 36 35 -33.71
q 36 36 -28.04
q 36 37 -10.42
q 36 38 -17.27
q 36 39 -45.04
q 37 0 57.07
q 37 1 14.46
q 37 2 38.18
q 37 3 34.66
q 37 4 55.6
q 37 5 10.74
q 37 6 77.19
q 37 7 49.27
q 37 8 26.91
q 37 9 30.11
q 37 10 60.95
q 37 11 3.01
q 37 12 62.88
q 37 13 11.09
q 37 14 36.66
q 37 15 74.96
q 37 16 25.2
q 37 17 40
q 37 18 20.28
q 37 19 65.18
q 37 20 -57.07
q 37 21 -14.46
q 37 22 -38.18
q 37 23 -34.66
q 37 24 -55.6
q 37 25 -10.74
q 37 26 -77.19
q 37 27 -49.27
q 37 28 -26.91
q 37 29 -30.11
q 37 30 -60.95
q 37 31 -3.01
q 37 32 -62.88
q 37 33 -11.09
q 37 34 -36.66
q 37 35 -74.96
q 37 36 -25.2
q 37 37 -40
q 37 38 -20.28
q 37 39 -65.18
q 38 0 35.58
q 38 1 63.06
q 38 2 78.58
q 38 3 34.02
q 38 4 5.82
q 38 5 68.93
q 38 6 31.32
q 38 7 47.86
q 38 8 11.99
q 38 9 38.51
q 38 10 38.4
q 38 11 50.43
q 38 12 13.29
q 38 13 76.49
q 38 14 8.6
q 38 15 39.7
q 38 16 53.12
q 38 17 24.3
q 38 18 28.03
q 38 19 52.86
q 38 20 -35.58
q 38 21 -63.06
q 38 22 -78.58
q 38 23 -34.02
q 38 24 -5.82
q 38 25 -68.93
q 38 26 -31.32
q 38 27 -47.86
q 38 28 -11.99
q 38 29 -38.51
q 38 30 -38.4
q 38 31 -50.43
q 38 32 -13.29
q 38 33 -76.49
q 38 34 -8.6
q 38 35 -39.7
q 38 36 -53.12
q 38 37 -24.3
q 38 38 -28.03
q 38 39 -52.86
q 39 0 61.36
q 39 1 79.25
q 39 2 54.21
q 39 3 57.23
q 39 4 33.84
q 39 5 41.96
q 39 6 5.49
q 39 7 72.37
q 39 8 53.8
q 39 9 57.37
q 39 10 62.83
q 39 11 21.25
q 39 12 63.16
q 39 13 58.95
q 39 14 76.45
q 39 15 8.19
q 39 16 79.09
q 39 17 27.85
q 39 18 11.14
q 39 19 64.18
q 39 20 -61.36
q 39 21 -79.25
q 39 22 -54.21
q 39 23 -57.23
q 39 24 -33.84
q 39 25 -41.96
q 39 26 -5.49
q 39 27 -72.37
q 39 28 -53.8
q 39 29 -57.37
q 39 30 -62.83
q 39 31 -21.25
q 39 32 -63.16
q 39 33 -58.95
q 39 34 -76.45
q 39 35 -8.19
q 39 36 -79.09
q 39 37 -27.85
q 39 38 -11.14
q 39 39 -64.18
q 40 0 37.46
q 40 1 15.03
q 40 2 9.34
q 40 3 10.3
q 40 4 52.55
q 40 5 5.51
q 40 6 51.18
q 40 7 45.82
q 40 8 38.01
q 40 9 8.14
q 40 10 34.66
q 40 11 55.77
q 40 12 33.68
q 40 13 54.28
q 40 14 31.96
q 40 15 54.6
q 40 16 4.82
q 40 17 66.13
q 40 18 39.8
q 40 19 6.46
q 40 20 -37.46
q 40 21 -15.03
q 40 22 -9.34
q 40 23 -10.3
q 40 24 -52.55
q 40 25 -5.51
q 40 26 -51.18
q 40 27 -45.82
q 40 28 -38.01
q 40 29 -8.14
q 40 30 -34.66
q 40 31 -55.77
q 40 32 -33.68
q 40 33 -54.28
q 40 34 -31.96
q 40 35 -54.6
q 40 36 -4.82
q 40 37 -66.13
q 40 38 -39.8
q 40 39 -6.46
q 41 0 52.82
q 41 1 15.09
q 41 2 71.11
q 41 3 53.16
q 41 4 71.55
q 41 5 36.06
q 41 6 44.51
q 41 7 68.83
q 41 8 60.68
q 41 9 62.97
q 41 10 7.88
q 41 11 51.54
q 41 12 51.66
q 41 13 10.36
q 41 14 67.83
q 41 15 52.51
q 41 16 25.8
q 41 17 34.85
q 41 18 71.25
q 41 19 18.43
q 41 20 -52.82
q 41 21 -15.09
q 41 22 -71.11
q 41 23 -53.16
q 41 24 -71.55
q 41 25 -36.06
q 41 26 -44.51
q 41 27 -68.83
q 41 28 -60.68
q 41 29 -62.97
q 41 30 -7.88
q 41 31 -51.54
q 41 32 -51.66
q 41 33 -10.36
q 41 34 -67.83
q 41 35 -52.51
q 41 36 -25.8
q 41 37 -34.85
q 41 38 -71.25
q 41 39 -18.43
q 42 0 63.94
q 42 1 59.16
q 42 2 16.12
q 42 3 62.29
q 42 4 49.08
q 42 5 40.82
q 42 6 51.55
q 42 7 50.25
q 42 8 15.78
q 42 9 50.53
q 42 10 32.65
q 42 11 58.94
q 42 12 1.34
q 42 13 25.55
q 42 14 71.29
q 42 15 29.62
q 42 16 25.7
q 42 17 15.93
q 42 18 52.77
q 42 19 47.53
q 42 20 -63.94
q 42 21 -59.16
q 42 22 -16.12
q 42 23 -62.29
q 42 24 -49.08
q 42 25 -40.82
q 42 26 -51.55
q 42 27 -50.25
q 42 28 -15.78
q 42 29 -50.53
q 42 30 -32.65
q 42 31 -58.94
q 42 32 -1.34
q 42 33 -25.55
q 42 34 -71.29
q 42 35 -29.62
q 42 36 -25.7
q 42 37 -15.93
q 42 38 -52.77
q 42 39 -47.53
q 43 0 18.77
q 43 1 2.77
q 43 2 70.81
q 43 3 39.53
q 43 4 61.73
q 43 5 55.07
q 43 6 24.79
q 43 7 17.61
q 43 8 13.09
q 43 9 44.52
q 43 10 76.26
q 43 11 76.4
q 43 12 60.39
q 43 13 15.03
q 43 14 24.99
q 43 15 47.75
q 43 16 6.92
q 43 17 8.45
q 43 18 2.68
q 43 19 44.35
q 43 20 -18.77
q 43 21 -2.77
q 43 22 -70.81
q 43 23 -39.53
q 43 24 -61.73
q 43 25 -55.07
q 43 26 -24.79
q 43 27 -17.61
q 43 28 -13.09
q 43 29 -44.52
q 43 30 -76.26
q 43 31 -76.4
q 43 32 -60.39
q 43 33 -15.03
q 43 34 -24.99
q 43 35 -47.75
q 43 36 -6.92
q 43 37 -8.45
q 43 38 -2.68
q 43 39 -44.35
q 44 0 51.24
q 44 1 0.8
q 44 2 76.56
q 44 3 37.67
q 44 4 72.13
q 44 5 69.96
q 44 6 1.79
q 44 7 55.56
q 44 8 64.92
q 44 9 59.53
q 44 10 75.35
q 44 11 64.5
q 44 12 47.33
q 44 13 72.48
q 44 14 34.07
q 44 15 65.37
q 44 16 8.12
q 44 17 8.25
q 44 18 31.67
q 44 19 55.2
q 44 20 -51.24
q 44 21 -0.8
q 44 22 -76.56
q 44 23 -37.67
q 44 24 -72.13
q 44 25 -69.96
q 44 26 -1.79
q 44 27 -55.56
q 44 28 -64.92
q 44 29 -59.53
q 44 30 -75.35
q 44 31 -64.5
q 44 32 -47.33
q 44 33 -72.48
q 44 34 -34.07
q 44 35 -65.37
q 44 36 -8.12
q 44 37 -8.25
q 44 38 -31.67
q 44 39 -55.2
q 45 0 3.09
q 45 1 38.04
q 45 2 27
q 45 3 38.32
q 45 4 6.43
q 45 5 25.24
q 45 6 15.73
q 45 7 45.55
q 45 8 46.87
q 45 9 51.41
q 45 10 75.92
q 45 11 50.43
q 45 12 26.96
q 45 13 17.31
q 45 14 65.37
q 45 15 76.86
q 45 16 36.91
q 45 17 25.33
q 45 18 51.49
q 45 19 64.93
q 45 20 -3.09
q 45 21 -38.04
q 45 22 -27
q 45 23 -38.32
q 45 24 -6.43
q 45 25 -25.24
q 45 26 -15.73
q 45 27 -45.55
q 45 28 -46.87
q 45 29 -51.41
q 45 30 -75.92
q 45 31 -50.43
q 45 32 -26.96
q 45 33 -17.31
q 45 34 -65.37
q 45 35 -76.86
q 45 36 -36.91
q 45 37 -25.33
q 45 38 -51.49
q 45 39 -64.93
q 46 0 54.98
q 46 1 30.78
q 46 2 78.29
q 46 3 4.43
q 46 4 23.03
q 46 5 9.98
q 46 6 17.19
q 46 7 53.53
q 46 8 74.56
q 46 9 51.23
q 46 10 46.82
q 46 11 77.96
q 46 12 34.18
q 46 13 49.62
q 46 14 72.95
q 46 15 31.73
q 46 16 31.01
q 46 17 77.31
q 46 18 62.08
q 46 19 61.97
q 46 20 -54.98
q 46 21 -30.78
q 46 22 -78.29
q 46 23 -4.43
q 46 24 -23.03
q 46 25 -9.98
q 46 26 -17.19
q 46 27 -53.53
q 46 28 -74.56
q 46 29 -51.23
q 46 30 -46.82
q 46 31 -77.96
q 46 32 -34.18
q 46 33 -49.62
q 46 34 -72.95
q 46 35 -31.73
q 46 36 -31.01
q 46 37 -77.31
q 46 38 -62.08
q 46 39 -61.97
q 47 0 66.63
q 47 1 69.61
q 47 2 65.31
q 47 3 36.45
q 47 4 73.15
q 47 5 36.49
q 47 6 35.15
q 47 7 55.06
q 47 8 33.26
q 47 9 21.81
q 47 10 42.16
q 47 11 16.19
q 47 12 46.64
q 47 13 15.58
q 47 14 16.51
q 47 15 40.18
q 47 16 53.79
q 47 17 41.9
q 47 18 19.73
q 47 19 68.33
q 47 20 -66.63
q 47 21 -69.61
q 47 22 -65.31
q 47 23 -36.45
q 47 24 -73.15
q 47 25 -36.49
q 47 26 -35.15
q 47 27 -55.06
q 47 28 -33.26
q 47 29 -21.81
q 47 30 -42.16
q 47 31 -16.19
q 47 32 -46.64
q 47 33 -15.58
q 47 34 -16.51
q 47 35 -40.18
q 47 36 -53.79
q 47 37 -41.9
q 47 38 -19.73
q 47 39 -68.33
q 48 0 34.57
q 48 1 6.6
q 48 2 60.9
q 48 3 33.63
q 48 4 37.1
q 48 5 1.66
q 48 6 11.65
q 48 7 45
q 48 8 79.9
q 48 9 38.41
q 48 10 23.52
q 48 11 18.74
q 48 12 31.22
q 48 13 49.91
q 48 14 24.97
q 48 15 18.73
q 48 16 34.29
q 48 17 17.51
q 48 18 4.19
q 48 19 10.98
q 48 20 -34.57
q 48 21 -6.6
q 48 22 -60.9
q 48 23 -33.63
q 48 24 -37.1
q 48 25 -1.66
q 48 26 -11.65
q 48 27 -45
q 48 28 -79.9
q 48 29 -38.41
q 48 30 -23.52
q 48 31 -18.74
q 48 32 -31.22
q 48 33 -49.91
q 48 34 -24.97
q 48 35 -18.73
q 48 36 -34.29
q 48 37 -17.51
q 48 38 -4.19
q 48 39 -10.98
q 49 0 13
q 49 1 50.34
q 49 2 54.86
q 49 3 10.72
q 49 4 0.93
q 49 5 75.98
q 49 6 19.8
q 49 7 4.38
q 49 8 58.83
q 49 9 0.12
q 49 10 9.95
q 49 11 19.17
q 49 12 74.54
q 49 13 2.49
q 49 14 1.43
q 49 15 74.72
q 49 16 59.14
q 49 17 32.5
q 49 18 12.16
q 49 19 62.15
q 49 20 -13
q 49 21 -50.34
q 49 22 -54.86
q 49 23 -10.72
q 49 24 -0.93
q 49 25 -75.98
q 49 26 -19.8
q 49 27 -4.38
q 49 28 -58.83
q 49 29 -0.12
q 49 30 -9.95
q 49 31 -19.17
q 49 32 -74.54
q 49 33 -2.49
q 49 34 -1.43
q 49 35 -74.72
q 49 36 -59.14
q 49 37 -32.5
q 49 38 -12.16
q 49 39 -62.15
q 50 0 69.2
q 50 1 12.23
q 50 2 60.79
q 50 3 3.55
q 50 4 73.84
q 50 5 27.77
q 50 6 79.88
q 50 7 28.69
q 50 8 65.46
q 50 9 54.27
q 50 10 71.99
q 50 11 77.18
q 50 12 72.22
q 50 13 60.61
q 50 14 20.4
q 50 15 53.93
q 50 16 20.87
q 50 17 19.75
q 50 18 7.87
q 50 19 48.67
q 50 20 -69.2
q 50 21 -12.23
q 50 22 -60.79
q 50 23 -3.55
q 50 24 -73.84
q 50 25 -27.77
q 50 26 -79.88
q 50 27 -28.69
q 50 28 -65.46
q 50 29 -54.27
q 50 30 -71.99
q 50 31 -77.18
q 50 32 -72.22
q 50 33 -60.61
q 50 34 -20.4
q 50 35 -53.93
q 50 36 -20.87
q 50 37 -19.75
q 50 38 -7.87
q 50 39 -48.67
q 51 0 40.31
q 51 1 58.53
q 51 2 67.58
q 51 3 58.69
q 51 4 13.38
q 51 5 42.25
q 51 6 76.33
q 51 7 26.02
q 51 8 29.95
q 51 9 54.58
q 51 10 2.56
q 51 11 20.41
q 51 12 5.29
q 51 13 11.24
q 51 14 40.46
q 51 15 68.21
q 51 16 28.29
q 51 17 9.16
q 51 18 70.58
q 51 19 72.32
q 51 20 -40.31
q 51 21 -58.53
q 51 22 -67.58
q 51 23 -58.69
q 51 24 -13.38
q 51 25 -42.25
q 51 26 -76.33
q 51 27 -26.02
q 51 28 -29.95
q 51 29 -54.58
q 51 30 -2.56
q 51 31 -20.41
q 51 32 -5.29
q 51 33 -11.24
q 51 34 -40.46
q 51 35 -68.21
q 51 36 -28.29
q 51 37 -9.16
q 51 38 -70.58
q 51 39 -72.32
q 52 0 45.31
q 52 1 52.66
q 52 2 17.41
q 52 3 51.42
q 52 4 22.82
q 52 5 29.27
q 52 6 73.91
q 52 7 59.34
q 52 8 9.74
q 52 9 25.27
q 52 10 54.44
q 52 11 70.95
q 52 12 46.53
q 52 13 10.14
q 52 14 60.62
q 52 15 33.73
q 52 16 78.7
q 52 17 39.35
q 52 18 76.56
q 52 19 30
q 52 20 -45.31
q 52 21 -52.66
q 52 22 -17.41
q 52 23 -51.42
q 52 24 -22.82
q 52 25 -29.27
q 52 26 -73.91
q 52 27 -59.34
q 52 28 -9.74
q 52 29 -25.27
q 52 30 -54.44
q 52 31 -70.95
q 52 32 -46.53
q 52 33 -10.14
q 52 34 -60.62
q 52 35 -33.73
q 52 36 -78.7
q 52 37 -39.35
q 52 38 -76.56
q 52 39 -30
q 53 0 68.85
q 53 1 22.83
q 53 2 1.53
q 53 3 30.6
q 53 4 31.47
q 53 5 24.13
q 53 6 28.59
q 53 7 14.78
q 53 8 32.92
q 53 9 52.86
q 53 10 32.11
q 53 11 42.59
q 53 12 5.49
q 53 13 53.17
q 53 14 35.8
q 53 15 6.02
q 53 16 5.65
q 53 17 38.58
q 53 18 33.42
q 53 19 55.27
q 53 20 -68.85
q 53 21 -22.83
q 53 22 -1.53
q 53 23 -30.6
q 53 24 -31.47
q 53 25 -24.13
q 53 26 -28.59
q 53 27 -14.78
q 53 28 -32.92
q 53 29 -52.86
q 53 30 -32.11
q 53 31 -42.59
q 53 32 -5.49
q 53 33 -53.17
q 53 34 -35.8
q 53 35 -6.02
q 53 36 -5.65
q 53 37 -38.58
q 53 38 -33.42
q 53 39 -55.27
q 54 0 76.04
q 54 1 1.66
q 54 2 20.46
q 54 3 30.27
q 54 4 26.67
q 54 5 4.47
q 54 6 16.19
q 54 7 29.04
q 54 8 79.58
q 54 9 37.65
q 54 10 77.79
q 54 11 9.94
q 54 12 13.73
q 54 13 73.39
q 54 14 74.01
q 54 15 20.36
q 54 16 41.14
q 54 17 38.73
q 54 18 73.42
q 54 19 9.39
q 54 20 -76.04
q 54 21 -1.66
q 54 22 -20.46
q 54 23 -30.27
q 54 24 -26.67
q 54 25 -4.47
q 54 26 -16.19
q 54 27 -29.04
q 54 28 -79.58
q 54 29 -37.65
q 54 30 -77.79
q 54 31 -9.94
q 54 32 -13.73
q 54 33 -73.39
q 54 34 -74.01
q 54 35 -20.36
q 54 36 -41.14
q 54 37 -38.73
q 54 38 -73.42
q 54 39 -9.39
q 55 0 6.22
q 55 1 72.95
q 55 2 26.8
q 55 3 24.57
q 55 4 16.73
q 55 5 38.82
q 55 6 15.24
q 55 7 54.86
q 55 8 25.14
q 55 9 5.23
q 55 10 42.55
q 55 11 74.55
q 55 12 44.85
q 55 13 44.34
q 55 14 16.29
q 55 15 69.64
q 55 16 17.13
q 55 17 65.3
q 55 18 25.49
q 55 19 43.89
q 55 20 -6.22
q 55 21 -72.95
q 55 22 -26.8
q 55 23 -24.57
q 55 24 -16.73
q 55 25 -38.82
q 55 26 -15.24
q 55 27 -54.86
q 55 28 -25.14
q 55 29 -5.23
q 55 30 -42.55
q 55 31 -74.55
q 55 32 -44.85
q 55 33 -44.34
q 55 34 -16.29
q 55 35 -69.64
q 55 36 -17.13
q 55 37 -65.3
q 55 38 -25.49
q 55 39 -43.89
q 56 0 55.95
q 56 1 16.99
q 56 2 21.19
q 56 3 70.95
q 56 4 51.52
q 56 5 12.72
q 56 6 30.87
q 56 7 40.17
q 56 8 17.45
q 56 9 60.09
q 56 10 37.17
q 56 11 63.95
q 56 12 33.85
q 56 13 41.74
q 56 14 11.34
q 56 15 73.42
q 56 16 51.47
q 56 17 68.35
q 56 18 31.81
q 56 19 38.33
q 56 20 -55.95
q 56 21 -16.99
q 56 22 -21.19
q 56 23 -70.95
q 56 24 -51.52
q 56 25 -12.72
q 56 26 -30.87
q 56 27 -40.17
q 56 28 -17.45
q 56 29 -60.09
q 56 30 -37.17
q 56 31 -63.95
q 56 32 -33.85
q 56 33 -41.74
q 56 34 -11.34
q 56 35 -73.42
q 56 36 -51.47
q 56 37 -68.35
q 56 38 -31.81
q 56 39 -38.33
q 57 0 45.6
q 57 1 59.6
q 57 2 17.23
q 57 3 6.88
q 57 4 35.86
q 57 5 25.76
q 57 6 53.07
q 57 7 6.61
q 57 8 59.42
q 57 9 28.63
q 57 10 42.79
q 57 11 41.41
q 57 12 44.4
q 57 13 44.05
q 57 14 53.23
q 57 15 38.7
q 57 16 10.23
q 57 17 36.86
q 57 18 32.67
q 57 19 72.15
q 57 20 -45.6
q 57 21 -59.6
q 57 22 -17.23
q 57 23 -6.88
q 57 24 -35.86
q 57 25 -25.76
q 57 26 -53.07
q 57 27 -6.61
q 57 28 -59.42
q 57 29 -28.63
q 57 30 -42.79
q 57 31 -41.41
q 57 32 -44.4
q 57 33 -44.05
q 57 34 -53.23
q 57 35 -38.7
q 57 36 -10.23
q 57 37 -36.86
q 57 38 -32.67
q 57 39 -72.15
q 58 0 19.67
q 58 1 3.98
q 58 2 76.85
q 58 3 25.63
q 58 4 27.37
q 58 5 72.94
q 58 6 17.73
q 58 7 65.18
q 58 8 22.97
q 58 9 54.79
q 58 10 23.96
q 58 11 45.95
q 58 12 49
q 58 13 15.25
q 58 14 16.51
q 58 15 14.09
q 58 16 67.97
q 58 17 41.58
q 58 18 43.03
q 58 19 71.68
q 58 20 -19.67
q 58 21 -3.98
q 58 22 -76.85
q 58 23 -25.63
q 58 24 -27.37
q 58 25 -72.94
q 58 26 -17.73
q 58 27 -65.18
q 58 28 -22.97
q 58 29 -54.79
q 58 30 -23.96
q 58 31 -45.95
q 58 32 -49
q 58 33 -15.25
q 58 34 -16.51
q 58 35 -14.09
q 58 36 -67.97
q 58 37 -41.58
q 58 38 -43.03
q 58 39 -71.68
q 59 0 49.57
q 59 1 21.11
q 59 2 18.5
q 59 3 10.79
q 59 4 40.68
q 59 5 8.53
q 59 6 64.54
q 59 7 16.1
q 59 8 72.49
q 59 9 1.19
q 59 10 57.52
q 59 11 21.73
q 59 12 15.95
q 59 13 65.65
q 59 14 54.14
q 59 15 34.17
q 59 16 54.43
q 59 17 25.14
q 59 18 48.4
q 59 19 60.33
q 59 20 -49.57
q 59 21 -21.11
q 59 22 -18.5
q 59 23 -10.79
q 59 24 -40.68
q 59 25 -8.53
q 59 26 -64.54
q 59 27 -16.1
q 59 28 -72.49
q 59 29 -1.19
q 59 30 -57.52
q 59 31 -21.73
q 59 32 -15.95
q 59 33 -65.65
q 59 34 -54.14
q 59 35 -34.17
q 59 36 -54.43
q 59 37 -25.14
q 59 38 -48.4
q 59 39 -60.33
q 90 0 31.34
q 90 1 26.44
q 90 2 48.23
q 90 3 28.08
q 90 4 89.95
q 90 5 49.34
q 90 6 61.32
q 90 7 55.87
q 90 8 83.27
q 90 9 69.68
q 90 10 40.9
q 90 11 20.9
q 90 12 77.13
q 90 13 62.86
q 90 14 70.6
q 90 15 41.99
q 90 16 40.97
q 90 17 25.05
q 90 18 20.91
q 90 19 67.85
q 90 20 -10.28
q 90 21 -7.32
q 90 22 -11.47
q 90 23 -14.24
q 90 24 -3.58
q 90 25 -12.18
q 90 26 -14.34
q 90 27 -7.05
q 90 28 -2.59
q 90 29 -18.01
q 90 30 -7.23
q 90 31 -13.63
q 90 32 -9.79
q 90 33 -19.66
q 90 34 -1.56
q 90 35 -0.58
q 90 36 -9.68
q 90 37 -6.18
q 90 38 -16.97
q 90 39 -19.41
q 91 0 97.08
q 91 1 49.07
q 91 2 85.26
q 91 3 75.13
q 91 4 37.67
q 91 5 39.42
q 91 6 48.17
q 91 7 34.33
q 91 8 40.85
q 91 9 44.23
q 91 10 65.12
q 91 11 80.75
q 91 12 32.84
q 91 13 58.08
q 91 14 36.98
q 91 15 59.68
q 91 16 59.16
q 91 17 40.54
q 91 18 91.14
q 91 19 96.72
q 91 20 -17.69
q 91 21 -0.09
q 91 22 -8.23
q 91 23 -3.02
q 91 24 -0.69
q 91 25 -0.98
q 91 26 -18.6
q 91 27 -11.75
q 91 28 -5.15
q 91 29 -6.41
q 91 30 -11.35
q 91 31 -5.06
q 91 32 -11.16
q 91 33 -12.58
q 91 34 -5
q 91 35 -4.64
q 91 36 -4.62
q 91 37 -17.43
q 91 38 -13.43
q 91 39 -13.07
q 92 0 54.67
q 92 1 27.66
q 92 2 89.35
q 92 3 27.29
q 92 4 39.84
q 92 5 31.89
q 92 6 39.45
q 92 7 30.04
q 92 8 84.43
q 92 9 98.96
q 92 10 99.9
q 92 11 81.37
q 92 12 21.29
q 92 13 46.82
q 92 14 35.36
q 92 15 70.19
q 92 16 40.46
q 92 17 40.74
q 92 18 66.13
q 92 19 21.8
q 92 20 -0.04
q 92 21 -4.68
q 92 22 -10.65
q 92 23 -4.47
q 92 24 -16.99
q 92 25 -16.32
q 92 26 -11.03
q 92 27 -3.77
q 92 28 -6.56
q 92 29 -4.55
q 92 30 -3.79
q 92 31 -5.43
q 92 32 -10.99
q 92 33 -14.65
q 92 34 -7.93
q 92 35 -15.37
q 92 36 -12.73
q 92 37 -5.14
q 92 38 -8.65
q 92 39 -18.06
q 93 0 30.21
q 93 1 33.22
q 93 2 89.68
q 93 3 66.06
q 93 4 29.41
q 93 5 28.44
q 93 6 88.97
q 93 7 29.54
q 93 8 89.13
q 93 9 33.42
q 93 10 67.93
q 93 11 64.91
q 93 12 95.48
q 93 13 66.48
q 93 14 52.09
q 93 15 37.96
q 93 16 67.88
q 93 17 84.41
q 93 18 21.91
q 93 19 66.35
q 93 20 -5.65
q 93 21 -8.65
q 93 22 -13.38
q 93 23 -9.1
q 93 24 -12.51
q 93 25 -9.51
q 93 26 -17.14
q 93 27 -0.53
q 93 28 -4.73
q 93 29 -15.39
q 93 30 -19.82
q 93 31 -6.01
q 93 32 -1.69
q 93 33 -19.16
q 93 34 -8.08
q 93 35 -14.93
q 93 36 -11.97
q 93 37 -3.19
q 93 38 -2.46
q 93 39 -4.46
q 94 0 74
q 94 1 60.72
q 94 2 64.33
q 94 3 91.44
q 94 4 95.22
q 94 5 56.89
q 94 6 85.97
q 94 7 61.59
q 94 8 82.99
q 94 9 97.44
q 94 10 98.18
q 94 11 20.52
q 94 12 40.54
q 94 13 48.06
q 94 14 44.81
q 94 15 87.07
q 94 16 27.56
q 94 17 88.13
q 94 18 58.31
q 94 19 33.89
q 94 20 -14.18
q 94 21 -14.53
q 94 22 -13.35
q 94 23 -5.12
q 94 24 -3.96
q 94 25 -2.59
q 94 26 -3.06
q 94 27 -15.79
q 94 28 -19.51
q 94 29 -18.75
q 94 30 -15.13
q 94 31 -7.31
q 94 32 -13.37
q 94 33 -2.34
q 94 34 -14.42
q 94 35 -18.09
q 94 36 -4.26
q 94 37 -13.56
q 94 38 -6.04
q 94 39 -19.28
q 95 0 82.64
q 95 1 47.08
q 95 2 36.92
q 95 3 84.19
q 95 4 84.01
q 95 5 84
q 95 6 87.67
q 95 7 60.29
q 95 8 81.39
q 95 9 38.23
q 95 10 67.68
q 95 11 20.81
q 95 12 36.65
q 95 13 52.15
q 95 14 64.47
q 95 15 69.7
q 95 16 79.84
q 95 17 95.77
q 95 18 28.15
q 95 19 77.44
q 95 20 -19.38
q 95 21 -17.97
q 95 22 -8.68
q 95 23 -0.63
q 95 24 -5.67
q 95 25 -10.39
q 95 26 -14.94
q 95 27 -10.62
q 95 28 -14.71
q 95 29 -9.93
q 95 30 -12.56
q 95 31 -15.53
q 95 32 -9.6
q 95 33 -8.63
q 95 34 -15.01
q 95 35 -12.01
q 95 36 -18.69
q 95 37 -2.79
q 95 38 -5.53
q 95 39 -7.12
q 96 0 37.7
q 96 1 95.18
q 96 2 82.26
q 96 3 80.64
q 96 4 28.64
q 96 5 35.86
q 96 6 70.65
q 96 7 90.26
q 96 8 51.43
q 96 9 28.5
q 96 10 76.02
q 96 11 81.88
q 96 12 60.86
q 96 13 64.53
q 96 14 39.31
q 96 15 75.39
q 96 16 86.17
q 96 17 25.06
q 96 18 20.75
q 96 19 99.46
q 96 20 -6.9
q 96 21 -18.59
q 96 22 -8.2
q 96 23 -19.34
q 96 24 -14.69
q 96 25 -17.35
q 96 26 -3.54
q 96 27 -14.67
q 96 28 -2.61
q 96 29 -6.84
q 96 30 -19.85
q 96 31 -5.72
q 96 32 -6.58
q 96 33 -13.44
q 96 34 -9.68
q 96 35 -19.29
q 96 36 -10.2
q 96 37 -18.17
q 96 38 -1.31
q 96 39 -12.71
q 97 0 74.97
q 97 1 77.31
q 97 2 33.47
q 97 3 92.9
q 97 4 73.68
q 97 5 94.27
q 97 6 45.23
q 97 7 85.92
q 97 8 44.93
q 97 9 64.66
q 97 10 94.29
q 97 11 26.25
q 97 12 42.85
q 97 13 42.53
q 97 14 51.94
q 97 15 36.87
q 97 16 50.79
q 97 17 98.86
q 97 18 89.57
q 97 19 52.29
q 97 20 -14
q 97 21 -12.98
q 97 22 -6.08
q 97 23 -12.18
q 97 24 -19.81
q 97 25 -0.29
q 97 26 -4.25
q 97 27 -11.42
q 97 28 -18.77
q 97 29 -9.72
q 97 30 -6.67
q 97 31 -18.11
q 97 32 -3.67
q 97 33 -4.71
q 97 34 -0.55
q 97 35 -3.07
q 97 36 -16.17
q 97 37 -15.29
q 97 38 -9.03
q 97 39 -15.15
q 98 0 55.32
q 98 1 64.81
q 98 2 55.22
q 98 3 30.47
q 98 4 69.56
q 98 5 21.89
q 98 6 89
q 98 7 98.8
q 98 8 23.48
q 98 9 42.25
q 98 10 83.34
q 98 11 58.98
q 98 12 85.61
q 98 13 59.88
q 98 14 71.91
q 98 15 71.02
q 98 16 96.59
q 98 17 88.13
q 98 18 55.94
q 98 19 96.79
q 98 20 -14.69
q 98 21 -0.71
q 98 22 -13.92
q 98 23 -9.51
q 98 24 -13.65
q 98 25 -19.29
q 98 26 -15.76
q 98 27 -10
q 98 28 -4.58
q 98 29 -17.67
q 98 30 -5.71
q 98 31 -4.22
q 98 32 -17.12
q 98 33 -15.58
q 98 34 -0.27
q 98 35 -16.7
q 98 36 -17.24
q 98 37 -5.88
q 98 38 -15.99
q 98 39 -16.43
q 99 0 31.1
q 99 1 78.85
q 99 2 91.87
q 99 3 75.77
q 99 4 58.77
q 99 5 54.52
q 99 6 27.17
q 99 7 68.02
q 99 8 51.4
q 99 9 27.68
q 99 10 37.14
q 99 11 80.78
q 99 12 92.93
q 99 13 64.81
q 99 14 55.57
q 99 15 37.12
q 99 16 46.95
q 99 17 87.92
q 99 18 33.38
q 99 19 59.41
q 99 20 -10.03
q 99 21 -6.32
q 99 22 -10.24
q 99 23 -5.58
q 99 24 -19.57
q 99 25 -15.57
q 99 26 -3.46
q 99 27 -2.53
q 99 28 -4.45
q 99 29 -0.9
q 99 30 -13.25
q 99 31 -19.59
q 99 32 -17.34
q 99 33 -19.74
q 99 34 -12.74
q 99 35 -2.05
q 99 36 -4.45
q 99 37 -17.63
q 99 38 -13.01
q 99 39 -15.18
q 100 0 47.7
q 100 1 72.07
q 100 2 85.24
q 100 3 89.17
q 100 4 92.1
q 100 5 86.68
q 100 6 94.68
q 100 7 44.76
q 100 8 79.58
q 100 9 41.02
q 100 10 79.27
q 100 11 32.53
q 100 12 93.36
q 100 13 67.41
q 100 14 41.3
q 100 15 94.62
q 100 16 70.74
q 100 17 91.34
q 100 18 34.29
q 100 19 44.33
q 100 20 -6.84
q 100 21 -7.73
q 100 22 -5.99
q 100 23 -18.29
q 100 24 -12.47
q 100 25 -12.91
q 100 26 -2.66
q 100 27 -16.38
q 100 28 -14.33
q 100 29 -13.09
q 100 30 -7.66
q 100 31 -8.15
q 100 32 -6.7
q 100 33 -4.48
q 100 34 -11.54
q 100 35 -12.23
q 100 36 -14.94
q 100 37 -12.03
q 100 38 -5.14
q 100 39 -9.88
q 101 0 83.27
q 101 1 34.78
q 101 2 47.26
q 101 3 67.86
q 101 4 63.05
q 101 5 62.59
q 101 6 26.59
q 101 7 50.29
q 101 8 93.02
q 101 9 73.83
q 101 10 58.2
q 101 11 94.96
q 101 12 61.85
q 101 13 66.3
q 101 14 93.39
q 101 15 63.31
q 101 16 46.04
q 101 17 49.7
q 101 18 89.56
q 101 19 49.81
q 101 20 -4.02
q 101 21 -3.44
q 101 22 -5.99
q 101 23 -0.18
q 101 24 -0.02
q 101 25 -16.96
q 101 26 -6.62
q 101 27 -2.72
q 101 28 -16.91
q 101 29 -3.21
q 101 30 -1.4
q 101 31 -1.04
q 101 32 -17.99
q 101 33 -13.04
q 101 34 -17.58
q 101 35 -18.4
q 101 36 -15.03
q 101 37 -12.3
q 101 38 -12.52
q 101 39 -4.74
q 102 0 68.48
q 102 1 77.97
q 102 2 59.14
q 102 3 61.3
q 102 4 46.3
q 102 5 43.11
q 102 6 37.77
q 102 7 36.78
q 102 8 98.38
q 102 9 52.43
q 102 10 54.88
q 102 11 22.53
q 102 12 39.33
q 102 13 88.26
q 102 14 71.32
q 102 15 56.65
q 102 16 31.89
q 102 17 97.74
q 102 18 90.21
q 102 19 57.77
q 102 20 -7.3
q 102 21 -5.52
q 102 22 -2.07
q 102 23 -10.52
q 102 24 -12.87
q 102 25 -3.03
q 102 26 -12.42
q 102 27 -10.17
q 102 28 -12.15
q 102 29 -0.18
q 102 30 -1.32
q 102 31 -15.32
q 102 32 -2.92
q 102 33 -18.22
q 102 34 -6.43
q 102 35 -17.7
q 102 36 -1.86
q 102 37 -10.43
q 102 38 -13.22
q 102 39 -4.66
q 103 0 60.49
q 103 1 93.44
q 103 2 36.48
q 103 3 86.84
q 103 4 28
q 103 5 38.79
q 103 6 20.43
q 103 7 61.7
q 103 8 74.42
q 103 9 41.1
q 103 10 51.7
q 103 11 45.85
q 103 12 66.45
q 103 13 38.61
q 103 14 87.74
q 103 15 31.45
q 103 16 70.78
q 103 17 42.79
q 103 18 97.24
q 103 19 28.8
q 103 20 -1
q 103 21 -13.99
q 103 22 -16.69
q 103 23 -17.77
q 103 24 -2.95
q 103 25 -10.11
q 103 26 -8.96
q 103 27 -0.59
q 103 28 -4.76
q 103 29 -18.51
q 103 30 -15.72
q 103 31 -15.87
q 103 32 -18.98
q 103 33 -13.76
q 103 35 -9.53
q 103 36 -9.48
q 103 37 -13.46
q 103 38 -2.47
q 103 39 -0.21
q 104 0 51.61
q 104 1 25.92
q 104 2 23.85
q 104 3 88.8
q 104 4 56.03
q 104 5 46.02
q 104 6 91.37
q 104 7 80.41
q 104 8 51.9
q 104 9 59.78
q 104 10 42.28
q 104 11 92.84
q 104 12 27.31
q 104 13 33.62
q 104 14 81.5
q 104 15 93.7
q 104 16 61.44
q 104 17 47.48
q 104 18 82.17
q 104 19 63.49
q 104 20 -18.49
q 104 21 -3
q 104 22 -8.11
q 104 23 -4.05
q 104 24 -16.3
q 104 25 -18.15
q 104 26 -3.47
q 104 27 -16.3
q 104 28 -12.9
q 104 29 -11.19
q 104 30 -13.77
q 104 31 -9.96
q 104 32 -7.13
q 104 33 -14.32
q 104 34 -3.25
q 104 35 -0.34
q 104 36 -8.02
q 104 37 -7.07
q 104 38 -4.38
q 104 39 -7.51
q 105 0 93.76
q 105 1 62.49
q 105 2 48.79
q 105 3 27.14
q 105 4 76.01
q 105 5 59.23
q 105 6 71.57
q 105 7 51.54
q 105 8 62.2
q 105 9 97.9
q 105 10 26.45
q 105 11 39.95
q 105 12 33.2
q 105 13 93.31
q 105 14 76.5
q 105 15 69.53
q 105 16 28.25
q 105 17 70.19
q 105 18 87.44
q 105 19 74.63
q 105 20 -7.83
q 105 21 -14.09
q 105 22 -3.18
q 105 23 -2.04
q 105 24 -10.88
q 105 25 -2.7
q 105 26 -12.59
q 105 27 -6.88
q 105 28 -16.54
q 105 29 -3
q 105 30 -16.04
q 105 31 -16.71
q 105 32 -10.85
q 105 33 -10.8
q 105 34 -7.17
q 105 35 -10.11
q 105 36 -17.88
q 105 37 -5.4
q 105 38 -4.74
q 105 39 -6.39
q 106 0 77.25
q 106 1 58.03
q 106 2 33.15
q 106 3 38.18
q 106 4 90.68
q 106 5 35.02
q 106 6 23.83
q 106 7 67.98
q 106 8 31.56
q 106 9 71.81
q 106 10 84.3
q 106 11 86.31
q 106 12 75.79
q 106 13 34.54
q 106 14 60.4
q 106 15 65.97
q 106 16 97.79
q 106 17 20.29
q 106 18 36.64
q 106 19 88.18
q 106 20 -9.35
q 106 21 -12.47
q 106 22 -14.07
q 106 23 -4.34
q 106 24 -14.86
q 106 25 -0.64
q 106 26 -7.96
q 106 27 -0.05
q 106 28 -5.19
q 106 29 -7.33
q 106 30 -3.93
q 106 31 -4.6
q 106 32 -10.82
q 106 33 -4.89
q 106 34 -2.8
q 106 35 -4.45
q 106 36 -14.29
q 106 37 -5.15
q 106 38 -3.47
q 106 39 -18.17
q 107 0 80.35
q 107 1 35.49
q 107 2 76.96
q 107 3 55.04
q 107 4 87.85
q 107 5 49.49
q 107 6 44.64
q 107 7 29.87
q 107 8 35.75
q 107 9 81.84
q 107 10 38.88
q 107 11 61.83
q 107 12 95.74
q 107 13 76.65
q 107 14 67.34
q 107 15 67.64
q 107 16 82.69
q 107 17 23.24
q 107 18 92.45
q 107 19 95.2
q 107 20 -0.91
q 107 21 -5.5
q 107 22 -15.44
q 107 23 -8.34
q 107 24 -11.93
q 107 25 -0.53
q 107 26 -13.04
q 107 27 -17.15
q 107 28 -9.32
q 107 29 -13.15
q 107 30 -3.99
q 107 31 -5.81
q 107 32 -13.16
q 107 33 -10.28
q 107 34 -0.26
q 107 35 -1.24
q 107 36 -12.04
q 107 37 -19.86
q 107 38 -5.03
q 107 39 -16.83
q 108 0 69.16
q 108 1 65.34
q 108 2 57.97
q 108 3 93.78
q 108 4 44.7
q 108 5 66.9
q 108 6 31.36
q 108 7 88.9
q 108 8 45.82
q 108 9 59.12
q 108 10 72.55
q 108 11 61.74
q 108 12 20.8
q 108 13 29.37
q 108 14 23.31
q 108 15 70.19
q 108 16 77.84
q 108 17 38.06
q 108 18 81.87
q 108 19 80.08
q 108 20 -12.85
q 108 21 -7.03
q 108 22 -10.78
q 108 23 -8.07
q 108 24 -17.75
q 108 25 -0.47
q 108 26 -14.89
q 108 27 -7.24
q 108 28 -10.66
q 108 29 -11.89
q 108 30 -10.67
q 108 31 -5.43
q 108 32 -19.3
q 108 33 -9.71
q 108 34 -10.04
q 108 35 -4.33
q 108 36 -8.19
q 108 37 -13.93
q 108 38 -12.85
q 108 39 -16.27
q 109 0 41.26
q 109 1 56.07
q 109 2 79.74
q 109 3 89.26
q 109 4 37.43
q 109 5 75.05
q 109 6 42.29
q 109 7 85.84
q 109 8 47.51
q 109 9 90.1
q 109 10 39.88
q 109 11 76.07
q 109 12 20.44
q 109 13 63.77
q 109 14 44.6
q 109 15 30.74
q 109 16 85.99
q 109 17 68.35
q 109 18 99.19
q 109 19 65.84
q 109 20 -17.45
q 109 21 -7.41
q 109 22 -17.07
q 109 23 -9.14
q 109 24 -5.59
q 109 25 -5.29
q 109 26 -19.4
q 109 27 -5.39
q 109 28 -14.37
q 109 29 -10.19
q 109 30 -2.01
q 109 31 -2.09
q 109 32 -3.34
q 109 33 -16.35
q 109 34 -15.71
q 109 35 -14.88
q 109 36 -0.01
q 109 37 -19.81
q 109 38 -1.17
q 109 39 -4.66
q 110 0 99.32
q 110 1 28.04
q 110 2 35.87
q 110 3 79.79
q 110 4 67.87
q 110 5 21.72
q 110 6 65.22
q 110 7 31.32
q 110 8 45.28
q 110 9 62.05
q 110 10 57.75
q 110 11 89.73
q 110 12 20.03
q 110 13 77.42
q 110 14 48.23
q 110 15 39.35
q 110 16 59.69
q 110 17 93.66
q 110 18 46.09
q 110 19 45.52
q 110 20 -10.99
q 110 21 -7.91
q 110 22 -18.29
q 110 23 -14.2
q 110 24 -6.82
q 110 25 -15.26
q 110 26 -1.44
q 110 27 -16.56
q 110 28 -19.33
q 110 29 -4.5
q 110 30 -8.24
q 110 31 -10.66
q 110 32 -9.42
q 110 33 -18.85
q 110 34 -16.4
q 110 35 -15.24
q 110 36 -4.97
q 110 37 -16.12
q 110 38 -14.73
q 110 39 -5.87
q 111 0 80.12
q 111 1 85.45
q 111 2 31.48
q 111 3 91.42
q 111 4 47.49
q 111 5 68.26
q 111 6 29.66
q 111 7 26.35
q 111 8 86.86
q 111 9 97.43
q 111 10 75.58
q 111 11 91.94
q 111 12 91.09
q 111 13 97.72
q 111 14 92.34
q 111 15 48.42
q 111 16 49.15
q 111 17 54.9
q 111 18 73.86
q 111 19 75.46
q 111 20 -15.27
q 111 21 -14.63
q 111 22 -16.59
q 111 23 -2.46
q 111 24 -7.01
q 111 25 -14.61
q 111 26 -8.98
q 111 27 -4.73
q 111 28 -9.24
q 111 29 -11.91
q 111 30 -17.24
q 111 31 -11.47
q 111 32 -4.4
q 111 33 -5.13
q 111 34 -7.95
q 111 35 -5.01
q 111 36 -0.79
q 111 37 -6.16
q 111 38 -4.67
q 111 39 -7.34
q 112 0 60.86
q 112 1 89.76
q 112 2 81.22
q 112 3 69.69
q 112 4 81.03
q 112 5 35.46
q 112 6 70.3
q 112 7 72.99
q 112 8 48.88
q 112 9 84.94
q 112 10 74.4
q 112 11 62.75
q 112 12 46.61
q 112 13 59.09
q 112 14 58.69
q 112 15 49.91
q 112 16 95.32
q 112 17 64.01
q 112 18 65.52
q 112 19 85.01
q 112 20 -9.52
q 112 21 -3.22
q 112 22 -9.53
q 112 23 -17.32
q 112 24 -15.71
q 112 25 -14.86
q 112 26 -13.96
q 112 27 -3.02
q 112 28 -18.64
q 112 29 -13.79
q 112 30 -5.76
q 112 31 -8.49
q 112 32 -16.24
q 112 33 -17.04
q 112 34 -14.61
q 112 35 -14.12
q 112 36 -3.01
q 112 37 -9.24
q 112 38 -9.32
q 112 39 -3.94
q 113 0 48.09
q 113 1 53.19
q 113 2 61.95
q 113 3 82.23
q 113 4 52.5
q 113 5 65.85
q 113 6 58.35
q 113 7 61.32
q 113 8 51.58
q 113 9 33.65
q 113 10 22.16
q 113 11 74.94
q 113 12 79.22
q 113 13 76.16
q 113 14 32.95
q 113 15 61.94
q 113 16 59.63
q 113 17 40.89
q 113 18 57.14
q 113 19 65.62
q 113 20 -2.95
q 113 21 -1.61
q 113 22 -18.57
q 113 23 -6.55
q 113 24 -5.89
q 113 25 -1.3
q 113 26 -19.98
q 113 27 -9.33
q 113 28 -10
q 113 29 -11.86
q 113 30 -15.35
q 113 31 -12.82
q 113 32 -10.19
q 113 33 -13.25
q 113 34 -12.22
q 113 35 -15.69
q 113 36 -11.05
q 113 37 -1.51
q 113 38 -2.82
q 113 39 -5.36
q 114 0 58.61
q 114 1 69.71
q 114 2 86.29
q 114 3 49.94
q 114 4 26.05
q 114 5 73.19
q 114 6 76.39
q 114 7 98.62
q 114 8 25.53
q 114 9 54.22
q 114 10 63.37
q 114 11 25.07
q 114 12 47.62
q 114 13 26.39
q 114 14 79.11
q 114 15 79.18
q 114 16 34.99
q 114 17 51.19
q 114 18 61.29
q 114 19 86.72
q 114 20 -18.95
q 114 21 -7.71
q 114 22 -3.11
q 114 23 -17.81
q 114 24 -7.54
q 114 25 -10.77
q 114 26 -18.99
q 114 27 -17.85
q 114 28 -6.64
q 114 29 -8.56
q 114 30 -0.36
q 114 31 -1.26
q 114 32 -13.25
q 114 33 -10.37
q 114 34 -10.02
q 114 35 -19.65
q 114 36 -13.19
q 114 37 -15.34
q 114 38 -14.41
q 114 39 -19.96
q 115 0 99.11
q 115 1 77.56
q 115 2 39.2
q 115 3 44.3
q 115 4 80.84
q 115 5 99.36
q 115 6 66.8
q 115 7 57.17
q 115 8 61.98
q 115 9 81.8
q 115 10 76.94
q 115 11 76.19
q 115 12 44.52
q 115 13 98.84
q 115 14 39.26
q 115 15 26.69
q 115 16 73.95
q 115 17 64.85
q 115 18 24.35
q 115 19 76.4
q 115 20 -19.42
q 115 21 -5.98
q 115 22 -12.88
q 115 23 -12.18
q 115 24 -4.5
q 115 25 -3.32
q 115 26 -5.65
q 115 27 -13.16
q 115 28 -3.22
q 115 29 -5.74
q 115 30 -7.13
q 115 31 -11.24
q 115 32 -13.47
q 115 33 -12.83
q 115 34 -8.1
q 115 35 -18.45
q 115 36 -9.27
q 115 37 -9.82
q 115 38 -19.69
q 115 39 -4.78
q 116 0 56.46
q 116 1 69.31
q 116 2 94.26
q 116 3 25.32
q 116 4 55.6
q 116 5 70.96
q 116 6 30.91
q 116 7 92.99
q 116 8 48.1
q 116 9 52.86
q 116 10 79.15
q 116 11 32.08
q 116 12 51.89
q 116 13 63.87
q 116 14 48.67
q 116 15 90.09
q 116 16 60.49
q 116 17 92.6
q 116 18 40.35
q 116 19 60.26
q 116 20 -3.42
q 116 21 -18.36
q 116 22 -4.17
q 116 23 -5.75
q 116 24 -8.27
q 116 25 -2.23
q 116 26 -8.9
q 116 27 -11.46
q 116 28 -2.75
q 116 29 -8.98
q 116 30 -1.68
q 116 31 -5.93
q 116 32 -0.15
q 116 33 -12.48
q 116 34 -9.73
q 116 35 -12.49
q 116 36 -3.46
q 116 37 -9.99
q 116 38 -4.06
q 116 39 -17.69
q 117 0 80.75
q 117 1 80.27
q 117 2 40.53
q 117 3 48.8
q 117 4 55.64
q 117 5 60.25
q 117 6 23.25
q 117 7 28.38
q 117 8 67.2
q 117 9 39.08
q 117 10 92.68
q 117 11 50.02
q 117 12 29.98
q 117 13 31.49
q 117 14 39.08
q 117 15 59.38
q 117 16 40.99
q 117 17 75.79
q 117 18 41.96
q 117 19 74.7
q 117 20 -19.78
q 117 21 -7.52
q 117 22 -10.67
q 117 23 -6.17
q 117 24 -19.3
q 117 25 -8.2
q 117 26 -7.15
q 117 27 -5.98
q 117 28 -2.88
q 117 29 -12.69
q 117 30 -14.66
q 117 31 -2.88
q 117 32 -19.74
q 117 33 -12.37
q 117 34 -2.15
q 117 35 -16.45
q 117 36 -16.58
q 117 37 -4.77
q 117 38 -11.45
q 117 39 -16.73
q 118 0 74.21
q 118 1 94.98
q 118 2 78.99
q 118 3 66.69
q 118 4 87.09
q 118 5 80.56
q 118 6 71.35
q 118 7 23.44
q 118 8 62.31
q 118 9 91.39
q 118 10 74.49
q 118 11 23.48
q 118 12 82.64
q 118 13 69.39
q 118 14 21.17
q 118 15 67.29
q 118 16 42.33
q 118 17 91.12
q 118 18 53.78
q 118 19 52.62
q 118 20 -14.92
q 118 21 -4.65
q 118 22 -13.16
q 118 23 -1.73
q 118 24 -14.89
q 118 25 -9.55
q 118 26 -16.6
q 118 27 -19.26
q 118 28 -3.63
q 118 29 -18.81
q 118 30 -9.79
q 118 31 -7.24
q 118 32 -2.6
q 118 33 -12.15
q 118 34 -13.91
q 118 35 -0.64
q 118 36 -11.54
q 118 37 -16.84
q 118 38 -10.86
q 118 39 -17.14
q 119 0 70.67
q 119 1 72.08
q 119 2 71.37
q 119 3 53.17
q 119 4 24.76
q 119 5 74.6
q 119 6 67.73
q 119 7 97.81
q 119 8 89.82
q 119 9 96.81
q 119 10 89.52
q 119 11 62.16
q 119 12 39.64
q 119 13 36.61
q 119 14 74.65
q 119 15 41.97
q 119 16 41.17
q 119 17 69.82
q 119 18 31.73
q 119 19 35.45
q 119 20 -3.01
q 119 21 -8.69
q 119 22 -11.91
q 119 23 -14.14
q 119 24 -0.16
q 119 25 -6.52
q 119 26 -13.2
q 119 27 -14.18
q 119 28 -4.48
q 119 29 -15.18
q 119 30 -12.97
q 119 31 -0.76
q 119 32 -18.19
q 119 33 -9.83
q 119 34 -1.41
q 119 35 -1.14
q 119 36 -8.78
q 119 37 -0.97
q 119 38 -13.73
q 119 39 -2.73
q 120 0 61.38
q 120 1 76.09
q 120 2 42.04
q 120 3 87.54
q 120 4 47.28
q 120 5 50.4
q 120 6 48.41
q 120 7 82.58
q 120 8 40.73
q 120 9 35.57
q 120 10 44.04
q 120 11 83.57
q 120 12 65.29
q 120 13 84.81
q 120 14 63.94
q 120 15 28.28
q 120 16 36.19
q 120 17 79.31
q 120 18 67.27
q 120 19 78.09
q 120 20 -16.54
q 120 21 -14.19
q 120 22 -18.84
q 120 23 -6.19
q 120 24 -0.41
q 120 25 -12.61
q 120 26 -9.57
q 120 27 -16.97
q 120 28 -15.91
q 120 29 -16.91
q 120 30 -7.97
q 120 31 -9.62
q 120 32 -19.8
q 120 33 -16.91
q 120 34 -2.44
q 120 35 -12.41
q 120 36 -1.4
q 120 37 -6.99
q 120 38 -19.07
q 120 39 -5.12
q 121 0 94.87
q 121 1 69.38
q 121 2 89.3
q 121 3 58.76
q 121 4 22.5
q 121 5 47
q 121 6 63.4
q 121 7 49.66
q 121 8 53.84
q 121 9 61.71
q 121 10 68.64
q 121 11 75.38
q 121 12 51.86
q 121 13 89.69
q 121 14 25.48
q 121 15 50.51
q 121 16 77.85
q 121 17 50.35
q 121 18 55.98
q 121 19 32.82
q 121 20 -16.14
q 121 21 -1.45
q 121 22 -11.35
q 121 23 -18.96
q 121 24 -2.64
q 121 25 -17.64
q 121 26 -0.2
q 121 27 -5.4
q 121 28 -15.57
q 121 29 -5.11
q 121 30 -18.13
q 121 31 -9.86
q 121 32 -19.71
q 121 33 -8.19
q 121 34 -18.62
q 121 35 -18.78
q 121 36 -9.11
q 121 37 -12.01
q 121 38 -6.73
q 121 39 -4.2
q 122 0 53.84
q 122 1 67.52
q 122 2 76.17
q 122 3 73.94
q 122 4 37.77
q 122 5 66.86
q 122 6 45.05
q 122 7 91.11
q 122 8 42.77
q 122 9 63.63
q 122 10 59.17
q 122 11 82.4
q 122 12 97.07
q 122 13 61.03
q 122 14 75.4
q 122 15 85.03
q 122 16 96.95
q 122 17 26.19
q 122 18 41.68
q 122 19 77.81
q 122 20 -15.47
q 122 21 -14.31
q 122 22 -3.98
q 122 23 -1.23
q 122 24 -1.48
q 122 25 -7.74
q 122 26 -14.31
q 122 27 -11.97
q 122 28 -12.91
q 122 29 -2.17
q 122 30 -7.08
q 122 31 -6.47
q 122 32 -6.74
q 122 33 -8.53
q 122 34 -4.21
q 122 35 -9.67
q 122 36 -12.51
q 122 37 -13.75
q 122 38 -14.35
q 122 39 -15.91
q 123 0 73.49
q 123 1 78.28
q 123 2 29.9
q 123 3 51.71
q 123 4 61.73
q 123 5 30.99
q 123 6 23.72
q 123 7 24.46
q 123 8 63.1
q 123 9 99.9
q 123 10 23.76
q 123 11 76.36
q 123 12 69.11
q 123 13 38.96
q 123 14 51.53
q 123 15 84.93
q 123 16 71.81
q 123 17 70.66
q 123 18 62.27
q 123 19 38.17
q 123 20 -9.24
q 123 21 -11.47
q 123 22 -16.89
q 123 23 -11.94
q 123 24 -19.29
q 123 25 -18.06
q 123 26 -8.03
q 123 27 -9.43
q 123 28 -10.04
q 123 29 -16.11
q 123 30 -13.39
q 123 31 -11.33
q 123 32 -1.54
q 123 33 -6.42
q 123 34 -14.6
q 123 35 -18.57
q 123 36 -7.49
q 123 37 -16.93
q 123 38 -17.69
q 123 39 -16.85
q 124 0 99.16
q 124 1 28.64
q 124 2 45.6
q 124 3 43.2
q 124 4 38.32
q 124 5 64.51
q 124 6 34.35
q 124 7 42.95
q 124 8 94.15
q 124 9 90.85
q 124 10 59.98
q 124 11 84.55
q 124 12 24.22
q 124 13 67.87
q 124 14 31.14
q 124 15 95.94
q 124 16 54.07
q 124 17 43.06
q 124 18 67.92
q 124 19 79.97
q 124 20 -14.1
q 124 21 -8.42
q 124 22 -0.01
q 124 23 -4.03
q 124 24 -18.33
q 124 25 -19.71
q 124 26 -9.45
q 124 27 -10.19
q 124 28 -7.9
q 124 29 -19.69
q 124 30 -9.24
q 124 31 -1.31
q 124 32 -10.98
q 124 33 -14.85
q 124 34 -16.48
q 124 35 -18.05
q 124 36 -14.4
q 124 37 -2.71
q 124 38 -9.78
q 124 39 -0.02
q 125 0 51.07
q 125 1 91.55
q 125 2 33.8
q 125 3 97.52
q 125 4 92.62
q 125 5 73.42
q 125 6 40.05
q 125 7 63.87
q 125 8 80.93
q 125 9 96.02
q 125 10 81.87
q 125 11 56.97
q 125 12 95.69
q 125 13 99.69
q 125 14 44.81
q 125 15 56.65
q 125 16 85.96
q 125 17 91.07
q 125 18 73.15
q 125 19 73.23
q 125 20 -16.18
q 125 21 -5.88
q 125 22 -7.61
q 125 23 -8.62
q 125 24 -18.69
q 125 25 -7.39
q 125 26 -3.94
q 125 27 -5.09
q 125 28 -1.85
q 125 29 -2.32
q 125 30 -10.88
q 125 31 -0.77
q 125 32 -18.23
q 125 33 -19.59
q 125 34 -3.33
q 125 35 -11.67
q 125 36 -8.73
q 125 37 -2.92
q 125 38 -19.41
q 125 39 -5.97
q 126 0 39.68
q 126 1 85.51
q 126 2 36.65
q 126 3 49.7
q 126 4 34.42
q 126 5 69.8
q 126 6 38.6
q 126 7 49.22
q 126 8 74.9
q 126 9 96.99
q 126 10 66.37
q 126 11 38.43
q 126 12 94.3
q 126 13 38.12
q 126 14 40.43
q 126 15 45.23
q 126 16 79.83
q 126 17 44.91
q 126 18 88.62
q 126 19 99.79
q 126 20 -5.63
q 126 21 -2.43
q 126 22 -10.17
q 126 23 -9.11
q 126 24 -1.57
q 126 25 -17.03
q 126 26 -18.03
q 126 27 -4.1
q 126 28 -13.04
q 126 29 -7.91
q 126 30 -4.93
q 126 31 -14.15
q 126 32 -16.12
q 126 33 -0.19
q 126 34 -7.16
q 126 35 -7.17
q 126 36 -13.91
q 126 37 -4.58
q 126 38 -17.49
q 126 39 -18.66
q 127 0 22.82
q 127 1 64.91
q 127 2 78.66
q 127 3 39.07
q 127 4 24.54
q 127 5 42.79
q 127 6 35.52
q 127 7 63.78
q 127 8 48.81
q 127 9 44.18
q 127 10 81.35
q 127 11 85.23
q 127 12 27.54
q 127 13 79.03
q 127 14 90.88
q 127 15 44.18
q 127 16 46.94
q 127 17 89.38
q 127 18 36.02
q 127 19 51.86
q 127 20 -17.01
q 127 21 -13.06
q 127 22 -17.41
q 127 23 -7.86
q 127 24 -12.92
q 127 25 -10.48
q 127 26 -19.66
q 127 27 -2.87
q 127 28 -3.29
q 127 29 -12.26
q 127 30 -18.51
q 127 31 -3.09
q 127 32 -9.18
q 127 33 -0.28
q 127 34 -1.44
q 127 35 -11.64
q 127 36 -9.18
q 127 37 -6.08
q 127 38 -8.72
q 127 39 -7.59
q 128 0 47.59
q 128 1 91.01
q 128 2 58.49
q 128 3 92.16
q 128 4 86.62
q 128 5 51.57
q 128 6 34.39
q 128 7 24.38
q 128 8 42.83
q 128 9 62
q 128 10 88.6
q 128 11 76.73
q 128 12 75.26
q 128 13 86.65
q 128 14 89.92
q 128 15 95.94
q 128 16 72.39
q 128 17 36.34
q 128 18 90.46
q 128 19 59.57
q 128 20 -9.69
q 128 21 -10.38
q 128 22 -19.81
q 128 23 -18.35
q 128 24 -6.04
q 128 25 -18.58
q 128 26 -7.61
q 128 27 -6.75
q 128 28 -19.98
q 128 29 -16.43
q 128 30 -19.81
q 128 31 -8.58
q 128 32 -18.1
q 128 33 -1.44
q 128 34 -4.14
q 128 35 -4
q 128 36 -7.3
q 128 37 -4.03
q 128 38 -0.5
q 128 39 -4.1
q 129 0 84.66
q 129 1 53.44
q 129 2 47.29
q 129 3 99.81
q 129 4 50.8
q 129 5 46.45
q 129 6 74.69
q 129 7 37.29
q 129 8 50.76
q 129 9 43.16
q 129 10 95.58
q 129 11 35.53
q 129 12 53.82
q 129 13 24.85
q 129 14 37.84
q 129 15 52.37
q 129 16 31.48
q 129 17 82.12
q 129 18 81.05
q 129 19 20.1
q 129 20 -19.44
q 129 21 -14.5
q 129 22 -14.41
q 129 23 -13.83
q 129 24 -17.91
q 129 25 -15.18
q 129 26 -15.23
q 129 27 -16.6
q 129 28 -2.49
q 129 29 -3.21
q 129 30 -19.06
q 129 31 -18.18
q 129 32 -14.56
q 129 33 -10.66
q 129 34 -15.05
q 129 35 -10.23
q 129 36 -19.51
q 129 37 -14.07
q 129 38 -19.06
q 129 39 -1.7
