130 40
c 0 66 44
c 0 73 44
c 0 76 44
c 0 81 44
c 0 84 44
c 0 88 44
c 0 95 1
c 0 116 3
c 1 65 30
c 1 66 30
c 1 69 30
c 1 71 30
c 1 73 30
c 1 74 30
c 1 75 30
c 1 81 30
c 1 84 30
c 1 85 30
c 1 86 30
c 1 88 30
c 1 94 -16
c 1 98 -13
c 1 102 -12
c 1 104 -17
c 1 107 -17
c 1 124 -12
c 1 128 -14
c 2 61 15
c 2 62 15
c 2 69 15
c 2 70 15
c 2 71 15
c 2 79 15
c 2 81 15
c 2 84 15
c 2 94 -31
c 2 100 -28
c 2 109 -35
c 2 116 -26
c 2 121 -34
c 3 60 21
c 3 69 21
c 3 71 21
c 3 75 21
c 3 77 21
c 3 89 21
c 3 90 -27
c 3 94 -25
c 3 95 -22
c 3 98 -22
c 3 99 -19
c 3 105 -26
c 3 106 -28
c 3 108 -20
c 3 109 -29
c 3 110 -23
c 3 115 -25
c 3 117 -21
c 4 61 32
c 4 64 32
c 4 67 32
c 4 74 32
c 4 75 32
c 4 79 32
c 4 86 32
c 4 88 32
c 4 98 -11
c 4 101 -12
c 4 105 -15
c 4 127 -17
c 5 61 33
c 5 64 33
c 5 66 33
c 5 77 33
c 5 80 33
c 5 87 33
c 5 96 -9
c 5 97 -12
c 5 110 -11
c 5 113 -11
c 6 60 11
c 6 63 11
c 6 65 11
c 6 75 11
c 6 77 11
c 6 78 11
c 6 86 11
c 6 118 -31
c 6 123 -30
c 6 129 -38
c 7 60 44
c 7 71 44
c 7 81 44
c 7 82 44
c 7 85 44
c 7 87 44
c 7 102 2
c 7 105 -3
c 7 106 -5
c 7 107 -3
c 7 112 1
c 7 117 2
c 7 121 -5
c 8 66 36
c 8 76 36
c 8 80 36
c 8 81 36
c 8 84 36
c 8 85 36
c 8 89 36
c 8 107 -11
c 8 108 -5
c 8 118 -6
c 8 126 -5
c 9 62 33
c 9 63 33
c 9 65 33
c 9 67 33
c 9 72 33
c 9 74 33
c 9 79 33
c 9 82 33
c 9 83 33
c 9 84 33
c 9 85 33
c 9 87 33
c 9 88 33
c 9 89 33
c 9 91 -13
c 9 101 -11
c 9 102 -9
c 9 109 -17
c 9 114 -17
c 9 117 -9
c 9 118 -9
c 9 121 -16
c 9 124 -9
c 10 66 32
c 10 68 32
c 10 72 32
c 10 73 32
c 10 75 32
c 10 79 32
c 10 85 32
c 10 86 32
c 10 93 -10
c 10 107 -15
c 10 118 -10
c 11 64 44
c 11 81 44
c 11 83 44
c 11 87 44
c 11 92 -1
c 11 95 1
c 11 97 -1
c 11 98 1
c 11 103 -2
c 11 106 -5
c 11 126 3
c 12 64 13
c 12 67 13
c 12 68 13
c 12 70 13
c 12 77 13
c 12 80 13
c 12 85 13
c 12 89 13
c 12 97 -32
c 12 104 -34
c 12 117 -29
c 12 123 -28
c 12 124 -29
c 13 61 10
c 13 63 10
c 13 68 10
c 13 71 10
c 13 73 10
c 13 79 10
c 13 89 10
c 13 93 -32
c 13 95 -33
c 13 96 -32
c 13 105 -37
c 13 114 -40
c 13 119 -36
c 13 123 -31
c 14 65 32
c 14 66 32
c 14 68 32
c 14 73 32
c 14 75 32
c 14 76 32
c 14 82 32
c 14 87 32
c 14 89 32
c 14 93 -10
c 14 98 -11
c 14 110 -12
c 14 118 -10
c 14 127 -17
c 15 61 16
c 15 63 16
c 15 65 16
c 15 74 16
c 15 75 16
c 15 76 16
c 15 77 16
c 15 79 16
c 15 88 16
c 15 95 -27
c 15 97 -29
c 15 128 -28
c 16 63 45
c 16 77 45
c 16 79 45
c 16 83 45
c 16 89 45
c 16 100 2
c 16 111 -5
c 16 116 4
c 16 118 3
c 16 121 -4
c 16 124 3
c 17 73 28
c 17 77 28
c 17 79 28
c 17 81 28
c 17 82 28
c 17 83 28
c 17 89 28
c 17 94 -18
c 17 95 -15
c 17 109 -22
c 17 115 -18
c 17 121 -21
c 18 60 13
c 18 62 13
c 18 65 13
c 18 66 13
c 18 78 13
c 18 80 13
c 18 81 13
c 18 85 13
c 18 89 13
c 18 94 -33
c 18 99 -27
c 18 104 -34
c 18 116 -28
c 18 122 -28
c 18 127 -36
c 19 64 49
c 19 69 49
c 19 70 49
c 19 77 49
c 19 81 49
c 19 82 49
c 19 83 49
c 19 86 49
c 19 89 49
c 19 92 4
c 19 97 4
c 19 102 7
c 19 110 5
c 19 128 5
c 20 60 34
c 20 64 34
c 20 66 34
c 20 67 34
c 20 69 34
c 20 73 34
c 20 74 34
c 20 84 34
c 20 86 34
c 20 105 -13
c 20 111 -16
c 20 119 -12
c 21 65 28
c 21 68 28
c 21 71 28
c 21 77 28
c 21 107 -19
c 21 110 -16
c 21 112 -15
c 21 119 -18
c 21 120 -15
c 21 121 -21
c 22 60 32
c 22 68 32
c 22 69 32
c 22 70 32
c 22 73 32
c 22 76 32
c 22 80 32
c 22 81 32
c 22 83 32
c 22 89 32
c 22 113 -12
c 22 115 -14
c 22 129 -17
c 23 60 47
c 23 61 47
c 23 62 47
c 23 65 47
c 23 73 47
c 23 79 47
c 23 84 47
c 23 85 47
c 23 96 5
c 23 101 3
c 23 110 3
c 23 122 6
c 23 126 6
c 24 61 18
c 24 66 18
c 24 70 18
c 24 71 18
c 24 79 18
c 24 87 18
c 24 88 18
c 24 89 18
c 24 93 -24
c 24 98 -25
c 24 102 -24
c 24 114 -32
c 24 115 -28
c 24 123 -23
c 24 124 -24
c 24 128 -26
c 25 61 10
c 25 64 10
c 25 65 10
c 25 68 10
c 25 72 10
c 25 77 10
c 25 79 10
c 25 83 10
c 25 96 -32
c 25 125 -35
c 26 63 38
c 26 64 38
c 26 66 38
c 26 67 38
c 26 80 38
c 26 81 38
c 26 83 38
c 26 89 38
c 26 93 -4
c 26 95 -5
c 26 109 -12
c 26 117 -4
c 26 123 -3
c 27 66 37
c 27 69 37
c 27 78 37
c 27 82 37
c 27 88 37
c 27 96 -5
c 27 116 -4
c 27 123 -4
c 27 127 -12
c 28 60 37
c 28 62 37
c 28 64 37
c 28 76 37
c 28 80 37
c 28 88 37
c 28 93 -5
c 28 122 -4
c 28 129 -12
c 29 60 31
c 29 65 31
c 29 69 31
c 29 70 31
c 29 71 31
c 29 76 31
c 29 77 31
c 29 78 31
c 29 79 31
c 29 81 31
c 29 84 31
c 29 87 31
c 29 106 -18
c 30 64 19
c 30 65 19
c 30 71 19
c 30 72 19
c 30 75 19
c 30 78 19
c 30 82 19
c 30 89 19
c 30 97 -26
c 30 98 -24
c 30 100 -24
c 30 105 -28
c 30 110 -25
c 30 112 -24
c 30 114 -31
c 30 121 -30
c 31 60 40
c 31 69 40
c 31 70 40
c 31 81 40
c 31 83 40
c 31 89 40
c 31 91 -6
c 31 95 -3
c 31 101 -4
c 31 103 -6
c 31 105 -7
c 31 116 -1
c 31 118 -2
c 31 127 -9
c 31 128 -4
c 32 60 24
c 32 62 24
c 32 64 24
c 32 73 24
c 32 76 24
c 32 77 24
c 32 81 24
c 32 83 24
c 32 84 24
c 32 88 24
c 32 94 -22
c 32 95 -19
c 32 96 -18
c 32 112 -19
c 32 128 -20
c 33 69 15
c 33 74 15
c 33 76 15
c 33 78 15
c 33 82 15
c 33 83 15
c 33 87 15
c 33 108 -26
c 33 117 -27
c 34 60 10
c 34 65 10
c 34 67 10
c 34 68 10
c 34 70 10
c 34 74 10
c 34 77 10
c 34 86 10
c 34 87 10
c 34 92 -35
c 34 115 -36
c 34 118 -32
c 34 123 -31
c 34 124 -32
c 35 62 14
c 35 71 14
c 35 78 14
c 35 80 14
c 35 84 14
c 35 85 14
c 35 97 -31
c 35 126 -27
c 36 61 40
c 36 62 40
c 36 63 40
c 36 66 40
c 36 70 40
c 36 71 40
c 36 73 40
c 36 79 40
c 36 80 40
c 36 87 40
c 36 98 -3
c 36 104 -7
c 36 114 -10
c 36 118 -2
c 37 60 21
c 37 63 21
c 37 69 21
c 37 71 21
c 37 74 21
c 37 78 21
c 37 80 21
c 37 83 21
c 37 84 21
c 37 86 21
c 37 87 21
c 37 89 21
c 37 96 -21
c 37 98 -22
c 37 106 -28
c 37 118 -21
c 37 119 -25
c 38 61 46
c 38 64 46
c 38 74 46
c 38 80 46
c 38 85 46
c 38 96 4
c 38 102 4
c 38 108 5
c 39 63 31
c 39 64 31
c 39 71 31
c 39 79 31
c 39 80 31
c 39 81 31
c 39 82 31
c 39 88 31
c 39 106 -18
c 39 119 -15
c 39 126 -10
c 40 62 39
c 40 65 39
c 40 68 39
c 40 69 39
c 40 78 39
c 40 83 39
c 40 97 -6
c 40 100 -4
c 40 102 -3
c 40 104 -8
c 40 106 -10
c 40 117 -3
c 41 63 48
c 41 65 48
c 41 67 48
c 41 68 48
c 41 71 48
c 41 80 48
c 41 81 48
c 41 85 48
c 41 87 48
c 41 88 48
c 41 91 2
c 41 98 5
c 41 100 5
c 41 102 6
c 41 125 3
c 42 60 29
c 42 62 29
c 42 69 29
c 42 71 29
c 42 74 29
c 42 77 29
c 42 79 29
c 42 81 29
c 42 85 29
c 42 91 -17
c 42 92 -16
c 42 95 -14
c 42 96 -13
c 42 99 -11
c 42 105 -18
c 42 107 -18
c 42 112 -14
c 42 120 -14
c 42 121 -20
c 42 126 -12
c 42 128 -15
c 43 64 20
c 43 73 20
c 43 76 20
c 43 85 20
c 43 88 20
c 43 106 -29
c 43 107 -27
c 43 115 -26
c 43 126 -21
c 43 127 -29
c 43 129 -29
c 44 62 24
c 44 63 24
c 44 68 24
c 44 70 24
c 44 71 24
c 44 75 24
c 44 78 24
c 44 84 24
c 44 120 -19
c 44 128 -20
c 45 68 28
c 45 70 28
c 45 74 28
c 45 75 28
c 45 77 28
c 45 116 -13
c 46 61 27
c 46 62 27
c 46 64 27
c 46 67 27
c 46 69 27
c 46 80 27
c 46 85 27
c 46 99 -13
c 46 101 -17
c 46 112 -16
c 47 61 40
c 47 63 40
c 47 69 40
c 47 70 40
c 47 74 40
c 47 76 40
c 47 77 40
c 47 79 40
c 47 82 40
c 47 83 40
c 47 84 40
c 47 86 40
c 47 89 40
c 47 90 -8
c 47 98 -3
c 47 101 -4
c 47 102 -2
c 47 116 -1
c 47 122 -1
c 47 125 -5
c 48 61 28
c 48 65 28
c 48 71 28
c 48 74 28
c 48 76 28
c 48 79 28
c 48 97 -17
c 48 104 -19
c 48 108 -13
c 48 110 -16
c 48 117 -14
c 48 119 -18
c 48 120 -15
c 48 122 -13
c 48 129 -21
c 49 65 21
c 49 73 21
c 49 86 21
c 49 87 21
c 49 89 21
c 49 118 -21
c 49 119 -25
c 49 128 -23
c 50 61 10
c 50 69 10
c 50 91 -36
c 50 94 -36
c 50 95 -33
c 50 98 -33
c 50 108 -31
c 50 111 -40
c 50 116 -31
c 50 123 -31
c 50 124 -32
c 51 64 16
c 51 66 16
c 51 71 16
c 51 73 16
c 51 74 16
c 51 76 16
c 51 79 16
c 51 82 16
c 51 87 16
c 51 99 -24
c 51 102 -26
c 51 113 -28
c 51 121 -33
c 52 72 50
c 52 73 50
c 52 76 50
c 52 80 50
c 52 87 50
c 52 90 2
c 52 107 3
c 52 118 8
c 53 60 11
c 53 62 11
c 53 64 11
c 53 65 11
c 53 72 11
c 53 74 11
c 53 77 11
c 53 81 11
c 53 110 -33
c 53 112 -32
c 53 114 -39
c 53 129 -38
c 54 63 36
c 54 73 36
c 54 78 36
c 54 80 36
c 54 85 36
c 54 86 36
c 54 98 -7
c 54 106 -13
c 54 128 -8
c 54 129 -13
c 55 63 14
c 55 68 14
c 55 73 14
c 55 78 14
c 55 81 14
c 55 83 14
c 55 94 -32
c 55 97 -31
c 55 103 -32
c 55 105 -33
c 55 110 -30
c 55 123 -27
c 56 64 16
c 56 68 16
c 56 69 16
c 56 71 16
c 56 73 16
c 56 74 16
c 56 75 16
c 56 77 16
c 56 79 16
c 56 83 16
c 56 100 -27
c 56 108 -25
c 56 110 -28
c 57 60 42
c 57 66 42
c 57 68 42
c 57 69 42
c 57 70 42
c 57 72 42
c 57 73 42
c 57 74 42
c 57 80 42
c 57 81 42
c 57 82 42
c 57 88 42
c 57 89 42
c 57 103 -4
c 57 107 -5
c 57 113 -2
c 57 123 1
c 58 61 40
c 58 64 40
c 58 65 40
c 58 66 40
c 58 67 40
c 58 72 40
c 58 79 40
c 58 80 40
c 58 82 40
c 58 91 -6
c 58 103 -6
c 58 105 -7
c 58 112 -3
c 58 126 -1
c 59 61 43
c 59 65 43
c 59 76 43
c 59 84 43
c 59 89 43
c 59 94 -3
c 59 101 -1
c 59 104 -4
c 59 113 -1
c 59 121 -6
c 59 124 1
c 60 92 -45
c 60 93 -42
c 60 94 -46
c 60 100 -43
c 60 104 -47
c 60 107 -47
c 60 109 -50
c 60 112 -43
c 60 115 -46
c 60 118 -42
c 60 121 -49
c 60 126 -41
c 60 127 -49
c 60 128 -44
c 60 129 -49
c 61 97 -45
c 61 100 -43
c 61 103 -46
c 61 104 -47
c 61 110 -44
c 61 111 -50
c 61 116 -41
c 61 117 -42
c 61 118 -42
c 61 119 -46
c 61 121 -49
c 61 125 -45
c 61 126 -41
c 61 127 -49
c 62 93 -42
c 62 94 -46
c 62 96 -42
c 62 103 -46
c 62 105 -47
c 62 107 -47
c 62 109 -50
c 62 117 -42
c 62 119 -46
c 62 120 -43
c 62 122 -41
c 62 129 -49
c 63 90 -48
c 63 91 -46
c 63 97 -45
c 63 98 -43
c 63 100 -43
c 63 101 -44
c 63 106 -49
c 63 109 -50
c 63 110 -44
c 63 115 -46
c 63 116 -41
c 63 118 -42
c 63 119 -46
c 63 121 -49
c 64 94 -46
c 64 98 -43
c 64 107 -47
c 64 113 -44
c 64 114 -50
c 64 123 -41
c 64 126 -41
c 64 129 -49
c 65 97 -45
c 65 102 -42
c 65 104 -47
c 65 112 -43
c 65 113 -44
c 65 116 -41
c 65 120 -43
c 65 125 -45
c 66 90 -48
c 66 93 -42
c 66 95 -43
c 66 100 -43
c 66 104 -47
c 66 105 -47
c 66 108 -41
c 66 118 -42
c 66 124 -42
c 66 126 -41
c 66 128 -44
c 67 97 -45
c 67 99 -40
c 67 103 -46
c 67 113 -44
c 67 115 -46
c 67 116 -41
c 67 117 -42
c 67 125 -45
c 68 90 -48
c 68 92 -45
c 68 100 -43
c 68 101 -44
c 68 104 -47
c 68 114 -50
c 68 128 -44
c 69 93 -42
c 69 94 -46
c 69 95 -43
c 69 99 -40
c 69 102 -42
c 69 105 -47
c 69 106 -49
c 69 107 -47
c 69 110 -44
c 69 112 -43
c 69 120 -43
c 69 122 -41
c 69 124 -42
c 69 126 -41
c 69 128 -44
c 70 98 -43
c 70 100 -43
c 70 102 -42
c 70 106 -49
c 70 107 -47
c 70 111 -50
c 70 114 -50
c 70 115 -46
c 70 121 -49
c 70 124 -42
c 70 125 -45
c 70 127 -49
c 70 128 -44
c 71 95 -43
c 71 102 -42
c 71 109 -50
c 71 112 -43
c 72 90 -48
c 72 96 -42
c 72 104 -47
c 72 110 -44
c 72 113 -44
c 72 115 -46
c 72 121 -49
c 72 122 -41
c 72 124 -42
c 73 94 -46
c 73 95 -43
c 73 100 -43
c 73 101 -44
c 73 103 -46
c 73 104 -47
c 73 110 -44
c 73 126 -41
c 73 128 -44
c 74 94 -46
c 74 95 -43
c 74 98 -43
c 74 102 -42
c 74 103 -46
c 74 107 -47
c 74 112 -43
c 74 120 -43
c 74 124 -42
c 74 125 -45
c 75 90 -48
c 75 92 -45
c 75 105 -47
c 75 108 -41
c 75 116 -41
c 75 117 -42
c 75 119 -46
c 75 120 -43
c 75 123 -41
c 75 126 -41
c 75 129 -49
c 76 91 -46
c 76 93 -42
c 76 97 -45
c 76 98 -43
c 76 99 -40
c 76 102 -42
c 76 108 -41
c 76 111 -50
c 76 115 -46
c 76 120 -43
c 76 121 -49
c 76 123 -41
c 76 124 -42
c 76 128 -44
c 77 96 -42
c 77 102 -42
c 77 104 -47
c 77 107 -47
c 77 109 -50
c 77 111 -50
c 77 113 -44
c 77 116 -41
c 77 117 -42
c 77 118 -42
c 77 119 -46
c 77 122 -41
c 77 124 -42
c 77 125 -45
c 78 91 -46
c 78 95 -43
c 78 98 -43
c 78 100 -43
c 78 107 -47
c 78 113 -44
c 78 118 -42
c 78 121 -49
c 78 124 -42
c 79 93 -42
c 79 99 -40
c 79 101 -44
c 79 118 -42
c 79 121 -49
c 79 123 -41
c 79 129 -49
c 80 103 -46
c 80 110 -44
c 80 117 -42
c 80 118 -42
c 80 119 -46
c 81 91 -46
c 81 92 -45
c 81 95 -43
c 81 96 -42
c 81 100 -43
c 81 104 -47
c 81 110 -44
c 81 114 -50
c 81 124 -42
c 81 128 -44
c 82 95 -43
c 82 103 -46
c 82 106 -49
c 82 109 -50
c 82 112 -43
c 82 113 -44
c 82 121 -49
c 82 127 -49
c 82 129 -49
c 83 91 -46
c 83 92 -45
c 83 93 -42
c 83 95 -43
c 83 96 -42
c 83 98 -43
c 83 99 -40
c 83 100 -43
c 83 102 -42
c 83 109 -50
c 83 110 -44
c 83 115 -46
c 83 116 -41
c 83 119 -46
c 83 122 -41
c 83 125 -45
c 84 94 -46
c 84 105 -47
c 84 110 -44
c 84 114 -50
c 84 117 -42
c 84 118 -42
c 84 119 -46
c 84 123 -41
c 84 126 -41
c 84 129 -49
c 85 97 -45
c 85 101 -44
c 85 104 -47
c 85 108 -41
c 85 116 -41
c 85 117 -42
c 85 120 -43
c 85 121 -49
c 85 123 -41
c 85 125 -45
c 86 91 -46
c 86 92 -45
c 86 93 -42
c 86 110 -44
c 86 111 -50
c 86 117 -42
c 86 123 -41
c 86 124 -42
c 86 125 -45
c 86 126 -41
c 86 129 -49
c 87 91 -46
c 87 97 -45
c 87 105 -47
c 87 108 -41
c 87 112 -43
c 87 122 -41
c 87 124 -42
c 88 96 -42
c 88 100 -43
c 88 101 -44
c 88 105 -47
c 88 106 -49
c 88 109 -50
c 88 113 -44
c 88 116 -41
c 88 122 -41
c 88 127 -49
c 89 91 -46
c 89 92 -45
c 89 95 -43
c 89 102 -42
c 89 107 -47
c 89 109 -50
c 89 110 -44
c 89 111 -50
c 89 116 -41
c 89 118 -42
c 89 121 -49
c 89 122 -41
bu 0 16
bu 1 172
bu 2 19
bu 3 56
bu 4 125
bu 5 69
bu 6 158
bu 7 180
bu 8 118
bu 9 53
bu 10 302
bu 11 299
bu 12 151
bu 13 271
bu 14 11
bu 15 276
bu 16 115
bu 17 130
bu 18 197
bu 19 12
bu 20 18
bu 21 53
bu 22 116
bu 23 144
bu 24 215
bu 25 97
bu 26 65
bu 27 68
bu 28 209
bu 29 209
bu 30 94
bu 31 284
bu 32 19
bu 33 81
bu 34 285
bu 35 276
bu 36 264
bu 37 269
bu 38 299
bu 39 104
bu 40 100
bu 41 273
bu 42 87
bu 43 119
bu 44 118
bu 45 5
bu 46 199
bu 47 159
bu 48 140
bu 49 223
bu 50 174
bu 51 270
bu 52 17
bu 53 9
bu 54 142
bu 55 269
bu 56 104
bu 57 197
bu 58 21
bu 59 276
bu 60 156
bu 61 181
bu 62 169
bu 63 64
bu 64 79
bu 65 57
bu 66 99
bu 67 100
bu 68 86
bu 69 144
bu 70 56
bu 71 143
bu 72 142
bu 73 154
bu 74 135
bu 75 192
bu 76 159
bu 77 56
bu 78 200
bu 79 187
bu 80 111
bu 81 62
bu 82 65
bu 83 185
bu 84 164
bu 85 66
bu 86 145
bu 87 106
bu 88 152
bu 89 161
bu 90 61
bu 91 12
bu 92 124
bu 93 136
bu 94 203
bu 95 205
bu 96 3
bu 97 34
bu 98 203
bu 99 209
bu 100 283
bu 101 244
bu 102 281
bu 103 283
bu 104 39
bu 105 289
bu 106 265
bu 107 298
bu 108 68
bu 109 145
bu 110 48
bu 111 35
bu 112 202
bu 113 181
bu 114 211
bu 115 172
bu 116 285
bu 117 108
bu 118 276
bu 119 266
bu 120 204
bu 121 219
bu 122 60
bu 123 259
bu 124 157
bu 125 204
bu 126 11
bu 127 8
bu 128 113
bu 129 72
q 0 0 52.41
q 0 1 13.57
q 0 2 71.16
q 0 3 61.73
q 0 4 25.78
q 0 5 23.89
q 0 6 11.02
q 0 7 32.58
q 0 8 79.37
q 0 9 6.93
q 0 10 60.38
q 0 11 37.8
q 0 12 37.47
q 0 13 59.06
q 0 14 2.25
q 0 15 15.05
q 0 16 65.18
q 0 17 76.15
q 0 18 56.06
q 0 19 21.03
q 0 20 -52.41
q 0 21 -13.57
q 0 22 -71.16
q 0 23 -61.73
q 0 24 -25.78
q 0 25 -23.89
q 0 26 -11.02
q 0 27 -32.58
q 0 28 -79.37
q 0 29 -6.93
q 0 30 -60.38
q 0 31 -37.8
q 0 32 -37.47
q 0 33 -59.06
q 0 34 -2.25
q 0 35 -15.05
q 0 36 -65.18
q 0 37 -76.15
q 0 38 -56.06
q 0 39 -21.03
q 1 0 2.41
q 1 1 22.15
q 1 2 60.88
q 1 3 23.39
q 1 4 72.12
q 1 5 6.85
q 1 6 7.64
q 1 7 50.24
q 1 8 33.42
q 1 9 20.46
q 1 10 76.71
q 1 11 65.21
q 1 12 21.07
q 1 13 8.32
q 1 14 32.29
q 1 15 69.77
q 1 16 73.1
q 1 17 67.91
q 1 18 52.52
q 1 19 76.35
q 1 20 -2.41
q 1 21 -22.15
q 1 22 -60.88
q 1 23 -23.39
q 1 24 -72.12
q 1 25 -6.85
q 1 26 -7.64
q 1 27 -50.24
q 1 28 -33.42
q 1 29 -20.46
q 1 30 -76.71
q 1 31 -65.21
q 1 32 -21.07
q 1 33 -8.32
q 1 34 -32.29
q 1 35 -69.77
q 1 36 -73.1
q 1 37 -67.91
q 1 38 -52.52
q 1 39 -76.35
q 2 0 52.66
q 2 1 8.36
q 2 2 29.21
q 2 3 70.29
q 2 4 20.15
q 2 5 9.85
q 2 6 6.79
q 2 7 3.22
q 2 8 55.91
q 2 9 56.64
q 2 10 74.35
q 2 11 3.12
q 2 12 5.37
q 2 13 53.61
q 2 14 2.49
q 2 15 66.64
q 2 16 78.95
q 2 17 15.49
q 2 18 9.57
q 2 19 8.13
q 2 20 -52.66
q 2 21 -8.36
q 2 22 -29.21
q 2 23 -70.29
q 2 24 -20.15
q 2 25 -9.85
q 2 26 -6.79
q 2 27 -3.22
q 2 28 -55.91
q 2 29 -56.64
q 2 30 -74.35
q 2 31 -3.12
q 2 32 -5.37
q 2 33 -53.61
q 2 34 -2.49
q 2 35 -66.64
q 2 36 -78.95
q 2 37 -15.49
q 2 38 -9.57
q 2 39 -8.13
q 3 0 13.98
q 3 1 43.56
q 3 2 65.76
q 3 3 18.36
q 3 4 48.93
q 3 5 62.56
q 3 6 13.65
q 3 7 48.66
q 3 8 70.2
q 3 9 65.67
q 3 10 48.67
q 3 11 66.48
q 3 12 13.94
q 3 13 56.88
q 3 14 48.73
q 3 15 42.26
q 3 16 11.77
q 3 17 75.81
q 3 18 72.14
q 3 19 52.21
q 3 20 -13.98
q 3 21 -43.56
q 3 22 -65.76
q 3 23 -18.36
q 3 24 -48.93
q 3 25 -62.56
q 3 26 -13.65
q 3 27 -48.66
q 3 28 -70.2
q 3 29 -65.67
q 3 30 -48.67
q 3 31 -66.48
q 3 32 -13.94
q 3 33 -56.88
q 3 34 -48.73
q 3 35 -42.26
q 3 36 -11.77
q 3 37 -75.81
q 3 38 -72.14
q 3 39 -52.21
q 4 0 17.47
q 4 1 10.14
q 4 2 34.03
q 4 3 54.79
q 4 4 45.93
q 4 5 16.79
q 4 6 19.83
q 4 7 50.58
q 4 8 46.36
q 4 9 77.82
q 4 10 10.06
q 4 11 45.51
q 4 12 35.47
q 4 13 3.49
q 4 14 41.56
q 4 15 39.05
q 4 16 56.18
q 4 17 79.29
q 4 18 19.74
q 4 19 14.53
q 4 20 -17.47
q 4 21 -10.14
q 4 22 -34.03
q 4 23 -54.79
q 4 24 -45.93
q 4 25 -16.79
q 4 26 -19.83
q 4 27 -50.58
q 4 28 -46.36
q 4 29 -77.82
q 4 30 -10.06
q 4 31 -45.51
q 4 32 -35.47
q 4 33 -3.49
q 4 34 -41.56
q 4 35 -39.05
q 4 36 -56.18
q 4 37 -79.29
q 4 38 -19.74
q 4 39 -14.53
q 5 0 12.05
q 5 1 51.4
q 5 2 43.81
q 5 3 72.84
q 5 4 33.12
q 5 5 54.24
q 5 6 68.97
q 5 7 49.25
q 5 8 36.15
q 5 9 22.9
q 5 10 57.95
q 5 11 2.59
q 5 12 79.79
q 5 13 42.41
q 5 14 57.79
q 5 15 15.1
q 5 16 56.88
q 5 17 6.93
q 5 18 60.94
q 5 19 49.38
q 5 20 -12.05
q 5 21 -51.4
q 5 22 -43.81
q 5 23 -72.84
q 5 24 -33.12
q 5 25 -54.24
q 5 26 -68.97
q 5 27 -49.25
q 5 28 -36.15
q 5 29 -22.9
q 5 30 -57.95
q 5 31 -2.59
q 5 32 -79.79
q 5 33 -42.41
q 5 34 -57.79
q 5 35 -15.1
q 5 36 -56.88
q 5 37 -6.93
q 5 38 -60.94
q 5 39 -49.38
q 6 0 52.19
q 6 1 16.39
q 6 2 74.17
q 6 3 5.95
q 6 4 31.4
q 6 5 31.37
q 6 6 0.84
q 6 7 34.24
q 6 8 48.46
q 6 9 22.23
q 6 10 36
q 6 11 43.58
q 6 12 43.3
q 6 13 74.01
q 6 14 49.29
q 6 15 63.47
q 6 16 15.16
q 6 17 10.25
q 6 18 32.96
q 6 19 10.44
q 6 20 -52.19
q 6 21 -16.39
q 6 22 -74.17
q 6 23 -5.95
q 6 24 -31.4
q 6 25 -31.37
q 6 26 -0.84
q 6 27 -34.24
q 6 28 -48.46
q 6 29 -22.23
q 6 30 -36
q 6 31 -43.58
q 6 32 -43.3
q 6 33 -74.01
q 6 34 -49.29
q 6 35 -63.47
q 6 36 -15.16
q 6 37 -10.25
q 6 38 -32.96
q 6 39 -10.44
q 7 0 70.31
q 7 1 66.61
q 7 2 25.1
q 7 3 38.39
q 7 4 14.76
q 7 5 8.56
q 7 6 58.35
q 7 7 18.9
q 7 8 36.48
q 7 9 18.07
q 7 10 68.17
q 7 11 47.37
q 7 12 48.48
q 7 13 44.18
q 7 14 52.06
q 7 15 0.25
q 7 16 40.03
q 7 17 36.39
q 7 18 69.94
q 7 19 29.84
q 7 20 -70.31
q 7 21 -66.61
q 7 22 -25.1
q 7 23 -38.39
q 7 24 -14.76
q 7 25 -8.56
q 7 26 -58.35
q 7 27 -18.9
q 7 28 -36.48
q 7 29 -18.07
q 7 30 -68.17
q 7 31 -47.37
q 7 32 -48.48
q 7 33 -44.18
q 7 34 -52.06
q 7 35 -0.25
q 7 36 -40.03
q 7 37 -36.39
q 7 38 -69.94
q 7 39 -29.84
q 8 0 71.45
q 8 1 31.95
q 8 2 59.27
q 8 3 40.52
q 8 4 17.76
q 8 5 25.45
q 8 6 46.61
q 8 7 36.76
q 8 8 12.51
q 8 9 8.91
q 8 10 5.69
q 8 11 55.25
q 8 12 67.99
q 8 13 51.67
q 8 14 53.46
q 8 15 28.78
q 8 16 59.02
q 8 17 31.86
q 8 18 58.35
q 8 19 64.16
q 8 20 -71.45
q 8 21 -31.95
q 8 22 -59.27
q 8 23 -40.52
q 8 24 -17.76
q 8 25 -25.45
q 8 26 -46.61
q 8 27 -36.76
q 8 28 -12.51
q 8 29 -8.91
q 8 30 -5.69
q 8 31 -55.25
q 8 32 -67.99
q 8 33 -51.67
q 8 34 -53.46
q 8 35 -28.78
q 8 36 -59.02
q 8 37 -31.86
q 8 38 -58.35
q 8 39 -64.16
q 9 0 8.72
q 9 1 16.61
q 9 2 63.29
q 9 3 52.65
q 9 4 67.26
q 9 5 58.47
q 9 6 22.36
q 9 7 36.95
q 9 8 53.78
q 9 9 55.68
q 9 10 29.61
q 9 11 58.71
q 9 12 32.01
q 9 13 77.33
q 9 14 37.11
q 9 15 74.76
q 9 16 69.42
q 9 17 49.37
q 9 18 44.49
q 9 19 46.48
q 9 20 -8.72
q 9 21 -16.61
q 9 22 -63.29
q 9 23 -52.65
q 9 24 -67.26
q 9 25 -58.47
q 9 26 -22.36
q 9 27 -36.95
q 9 28 -53.78
q 9 29 -55.68
q 9 30 -29.61
q 9 31 -58.71
q 9 32 -32.01
q 9 33 -77.33
q 9 34 -37.11
q 9 35 -74.76
q 9 36 -69.42
q 9 37 -49.37
q 9 38 -44.49
q 9 39 -46.48
q 10 0 54.18
q 10 1 39.96
q 10 2 21.95
q 10 3 47.77
q 10 4 4.87
q 10 5 22.03
q 10 6 3.79
q 10 7 52.42
q 10 8 23.4
q 10 9 17.82
q 10 10 39.3
q 10 11 7.11
q 10 12 55.09
q 10 13 55.03
q 10 14 66.65
q 10 15 43.46
q 10 16 42.77
q 10 17 20
q 10 18 74.68
q 10 19 10.61
q 10 20 -54.18
q 10 21 -39.96
q 10 22 -21.95
q 10 23 -47.77
q 10 24 -4.87
q 10 25 -22.03
q 10 26 -3.79
q 10 27 -52.42
q 10 28 -23.4
q 10 29 -17.82
q 10 30 -39.3
q 10 31 -7.11
q 10 32 -55.09
q 10 33 -55.03
q 10 34 -66.65
q 10 35 -43.46
q 10 36 -42.77
q 10 37 -20
q 10 38 -74.68
q 10 39 -10.61
q 11 0 70.13
q 11 1 14.44
q 11 2 3.99
q 11 3 51.56
q 11 4 65.83
q 11 5 62.22
q 11 6 76.37
q 11 7 44.43
q 11 8 74.99
q 11 9 50.03
q 11 10 70.07
q 11 11 79.56
q 11 12 11.28
q 11 13 55.63
q 11 14 13.44
q 11 15 48.97
q 11 16 65.23
q 11 17 61.11
q 11 18 63.72
q 11 19 64.86
q 11 20 -70.13
q 11 21 -14.44
q 11 22 -3.99
q 11 23 -51.56
q 11 24 -65.83
q 11 25 -62.22
q 11 26 -76.37
q 11 27 -44.43
q 11 28 -74.99
q 11 29 -50.03
q 11 30 -70.07
q 11 31 -79.56
q 11 32 -11.28
q 11 33 -55.63
q 11 34 -13.44
q 11 35 -48.97
q 11 36 -65.23
q 11 37 -61.11
q 11 38 -63.72
q 11 39 -64.86
q 12 0 8.91
q 12 1 43.58
q 12 2 79.62
q 12 3 25.13
q 12 4 57.92
q 12 5 66.09
q 12 6 50.36
q 12 7 27.46
q 12 8 10.39
q 12 9 17.45
q 12 10 31.17
q 12 11 8.01
q 12 12 64.09
q 12 13 56.37
q 12 14 33.56
q 12 15 10.61
q 12 16 51.68
q 12 17 27.6
q 12 18 0.68
q 12 19 68.22
q 12 20 -8.91
q 12 21 -43.58
q 12 22 -79.62
q 12 23 -25.13
q 12 24 -57.92
q 12 25 -66.09
q 12 26 -50.36
q 12 27 -27.46
q 12 28 -10.39
q 12 29 -17.45
q 12 30 -31.17
q 12 31 -8.01
q 12 32 -64.09
q 12 33 -56.37
q 12 34 -33.56
q 12 35 -10.61
q 12 36 -51.68
q 12 37 -27.6
q 12 38 -0.68
q 12 39 -68.22
q 13 0 48.03
q 13 1 21.64
q 13 2 54.15
q 13 3 66.75
q 13 4 19.15
q 13 5 52.87
q 13 6 14.75
q 13 7 76.78
q 13 8 50.24
q 13 9 2.48
q 13 10 37.71
q 13 11 28.49
q 13 12 49.2
q 13 13 62.61
q 13 14 21.72
q 13 15 67.52
q 13 16 75.32
q 13 17 17.24
q 13 18 45.62
q 13 19 13.73
q 13 20 -48.03
q 13 21 -21.64
q 13 22 -54.15
q 13 23 -66.75
q 13 24 -19.15
q 13 25 -52.87
q 13 26 -14.75
q 13 27 -76.78
q 13 28 -50.24
q 13 29 -2.48
q 13 30 -37.71
q 13 31 -28.49
q 13 32 -49.2
q 13 33 -62.61
q 13 34 -21.72
q 13 35 -67.52
q 13 36 -75.32
q 13 37 -17.24
q 13 38 -45.62
q 13 39 -13.73
q 14 0 1.99
q 14 1 57.24
q 14 2 27.05
q 14 3 12.04
q 14 4 2.33
q 14 5 44.47
q 14 6 12.19
q 14 7 26.08
q 14 8 72.29
q 14 9 8.84
q 14 10 57.13
q 14 11 45.06
q 14 12 64.68
q 14 13 37.95
q 14 14 50.5
q 14 15 66.05
q 14 16 56.1
q 14 17 60.7
q 14 18 48.55
q 14 19 3.89
q 14 20 -1.99
q 14 21 -57.24
q 14 22 -27.05
q 14 23 -12.04
q 14 24 -2.33
q 14 25 -44.47
q 14 26 -12.19
q 14 27 -26.08
q 14 28 -72.29
q 14 29 -8.84
q 14 30 -57.13
q 14 31 -45.06
q 14 32 -64.68
q 14 33 -37.95
q 14 34 -50.5
q 14 35 -66.05
q 14 36 -56.1
q 14 37 -60.7
q 14 38 -48.55
q 14 39 -3.89
q 15 0 47.81
q 15 1 10.71
q 15 2 61.19
q 15 3 65.54
q 15 4 79.72
q 15 5 4.76
q 15 6 68.13
q 15 7 14.04
q 15 8 27.64
q 15 9 65.35
q 15 10 43.99
q 15 11 17.62
q 15 12 78
q 15 13 18.57
q 15 14 70.32
q 15 15 3.51
q 15 16 18.74
q 15 17 32.1
q 15 18 28.25
q 15 19 15.49
q 15 20 -47.81
q 15 21 -10.71
q 15 22 -61.19
q 15 23 -65.54
q 15 24 -79.72
q 15 25 -4.76
q 15 26 -68.13
q 15 27 -14.04
q 15 28 -27.64
q 15 29 -65.35
q 15 30 -43.99
q 15 31 -17.62
q 15 32 -78
q 15 33 -18.57
q 15 34 -70.32
q 15 35 -3.51
q 15 36 -18.74
q 15 37 -32.1
q 15 38 -28.25
q 15 39 -15.49
q 16 0 21.63
q 16 1 68.45
q 16 2 11.88
q 16 3 21.54
q 16 4 0.88
q 16 5 22.11
q 16 6 29.23
q 16 7 18.95
q 16 8 78.66
q 16 9 73.03
q 16 10 49.73
q 16 11 33.46
q 16 12 3.96
q 16 13 72.65
q 16 14 58.64
q 16 15 33.72
q 16 16 33.37
q 16 17 71.58
q 16 18 26.71
q 16 19 21.33
q 16 20 -21.63
q 16 21 -68.45
q 16 22 -11.88
q 16 23 -21.54
q 16 24 -0.88
q 16 25 -22.11
q 16 26 -29.23
q 16 27 -18.95
q 16 28 -78.66
q 16 29 -73.03
q 16 30 -49.73
q 16 31 -33.46
q 16 32 -3.96
q 16 33 -72.65
q 16 34 -58.64
q 16 35 -33.72
q 16 36 -33.37
q 16 37 -71.58
q 16 38 -26.71
q 16 39 -21.33
q 17 0 15.51
q 17 1 31.8
q 17 2 52.87
q 17 3 58.4
q 17 4 55.89
q 17 5 53.94
q 17 6 60.49
q 17 7 20.68
q 17 8 71.59
q 17 9 64.35
q 17 10 29.76
q 17 11 25.76
q 17 12 78.91
q 17 13 64.05
q 17 14 34.93
q 17 15 47.21
q 17 16 1.23
q 17 17 56.93
q 17 18 4.26
q 17 19 79.51
q 17 20 -15.51
q 17 21 -31.8
q 17 22 -52.87
q 17 23 -58.4
q 17 24 -55.89
q 17 25 -53.94
q 17 26 -60.49
q 17 27 -20.68
q 17 28 -71.59
q 17 29 -64.35
q 17 30 -29.76
q 17 31 -25.76
q 17 32 -78.91
q 17 33 -64.05
q 17 34 -34.93
q 17 35 -47.21
q 17 36 -1.23
q 17 37 -56.93
q 17 38 -4.26
q 17 39 -79.51
q 18 0 33.39
q 18 1 46.69
q 18 2 28.71
q 18 3 32.59
q 18 4 75.83
q 18 5 38.97
q 18 6 65.82
q 18 7 4.78
q 18 8 22.69
q 18 9 66.95
q 18 10 44.93
q 18 11 57.01
q 18 12 29.44
q 18 13 77.83
q 18 14 24.92
q 18 15 29.76
q 18 16 15.29
q 18 17 34.76
q 18 18 66.32
q 18 19 56.66
q 18 20 -33.39
q 18 21 -46.69
q 18 22 -28.71
q 18 23 -32.59
q 18 24 -75.83
q 18 25 -38.97
q 18 26 -65.82
q 18 27 -4.78
q 18 28 -22.69
q 18 29 -66.95
q 18 30 -44.93
q 18 31 -57.01
q 18 32 -29.44
q 18 33 -77.83
q 18 34 -24.92
q 18 35 -29.76
q 18 36 -15.29
q 18 37 -34.76
q 18 38 -66.32
q 18 39 -56.66
q 19 0 2.35
q 19 1 69.79
q 19 2 53.65
q 19 3 18.14
q 19 4 9.09
q 19 5 71.67
q 19 6 53.94
q 19 7 37.68
q 19 8 39.34
q 19 9 75.38
q 19 10 54.75
q 19 11 36.21
q 19 12 25.32
q 19 13 4.85
q 19 14 33.7
q 19 15 3.59
q 19 16 46.13
q 19 17 15.98
q 19 18 16.01
q 19 19 5.79
q 19 20 -2.35
q 19 21 -69.79
q 19 22 -53.65
q 19 23 -18.14
q 19 24 -9.09
q 19 25 -71.67
q 19 26 -53.94
q 19 27 -37.68
q 19 28 -39.34
q 19 29 -75.38
q 19 30 -54.75
q 19 31 -36.21
q 19 32 -25.32
q 19 33 -4.85
q 19 34 -33.7
q 19 35 -3.59
q 19 36 -46.13
q 19 37 -15.98
q 19 38 -16.01
q 19 39 -5.79
q 20 0 8.64
q 20 1 43.07
q 20 2 73.22
q 20 3 21.74
q 20 4 51.02
q 20 5 60.23
q 20 6 21.59
q 20 7 43.06
q 20 8 19.71
q 20 9 2.46
q 20 10 22.72
q 20 11 74.62
q 20 12 35.92
q 20 13 42.42
q 20 14 19.04
q 20 15 55.96
q 20 16 49.87
q 20 17 64.36
q 20 18 17.06
q 20 19 5.48
q 20 20 -8.64
q 20 21 -43.07
q 20 22 -73.22
q 20 23 -21.74
q 20 24 -51.02
q 20 25 -60.23
q 20 26 -21.59
q 20 27 -43.06
q 20 28 -19.71
q 20 29 -2.46
q 20 30 -22.72
q 20 31 -74.62
q 20 32 -35.92
q 20 33 -42.42
q 20 34 -19.04
q 20 35 -55.96
q 20 36 -49.87
q 20 37 -64.36
q 20 38 -17.06
q 20 39 -5.48
q 21 0 49.79
q 21 1 11.46
q 21 2 40.7
q 21 3 26.7
q 21 4 42.83
q 21 5 45.66
q 21 6 32.13
q 21 7 53.11
q 21 8 79.3
q 21 9 27.85
q 21 10 70.37
q 21 11 23.34
q 21 12 35.99
q 21 13 61.71
q 21 14 17.31
q 21 15 19.02
q 21 16 25.57
q 21 17 7.37
q 21 18 10.72
q 21 19 3.45
q 21 20 -49.79
q 21 21 -11.46
q 21 22 -40.7
q 21 23 -26.7
q 21 24 -42.83
q 21 25 -45.66
q 21 26 -32.13
q 21 27 -53.11
q 21 28 -79.3
q 21 29 -27.85
q 21 30 -70.37
q 21 31 -23.34
q 21 32 -35.99
q 21 33 -61.71
q 21 34 -17.31
q 21 35 -19.02
q 21 36 -25.57
q 21 37 -7.37
q 21 38 -10.72
q 21 39 -3.45
q 22 0 54.7
q 22 1 64.83
q 22 2 6.6
q 22 3 20.8
q 22 4 2.54
q 22 5 74.06
q 22 6 4.57
q 22 7 55.17
q 22 8 65.41
q 22 9 6.13
q 22 10 64.85
q 22 11 58.83
q 22 12 31.63
q 22 13 51.34
q 22 14 12.59
q 22 15 25.24
q 22 16 79.25
q 22 17 56.31
q 22 18 71.06
q 22 19 59.04
q 22 20 -54.7
q 22 21 -64.83
q 22 22 -6.6
q 22 23 -20.8
q 22 24 -2.54
q 22 25 -74.06
q 22 26 -4.57
q 22 27 -55.17
q 22 28 -65.41
q 22 29 -6.13
q 22 30 -64.85
q 22 31 -58.83
q 22 32 -31.63
q 22 33 -51.34
q 22 34 -12.59
q 22 35 -25.24
q 22 36 -79.25
q 22 37 -56.31
q 22 38 -71.06
q 22 39 -59.04
q 23 0 59.12
q 23 1 29.07
q 23 2 12.3
q 23 3 70.46
q 23 4 35.19
q 23 5 70.79
q 23 6 59.73
q 23 7 12.77
q 23 8 66.52
q 23 9 75.47
q 23 10 58.19
q 23 11 58.75
q 23 12 62.71
q 23 13 17.65
q 23 14 11.92
q 23 15 35.31
q 23 16 41.21
q 23 17 36.94
q 23 18 9.88
q 23 19 17.7
q 23 20 -59.12
q 23 21 -29.07
q 23 22 -12.3
q 23 23 -70.46
q 23 24 -35.19
q 23 25 -70.79
q 23 26 -59.73
q 23 27 -12.77
q 23 28 -66.52
q 23 29 -75.47
q 23 30 -58.19
q 23 31 -58.75
q 23 32 -62.71
q 23 33 -17.65
q 23 34 -11.92
q 23 35 -35.31
q 23 36 -41.21
q 23 37 -36.94
q 23 38 -9.88
q 23 39 -17.7
q 24 0 46.44
q 24 1 1.19
q 24 2 11.33
q 24 3 48.11
q 24 4 3.48
q 24 5 64.83
q 24 6 75.01
q 24 7 63.04
q 24 8 50.86
q 24 9 52.32
q 24 10 36.7
q 24 11 35.26
q 24 12 27.93
q 24 13 67.23
q 24 14 65.88
q 24 15 36.39
q 24 16 30.83
q 24 17 16.32
q 24 18 70.35
q 24 19 32.8
q 24 20 -46.44
q 24 21 -1.19
q 24 22 -11.33
q 24 23 -48.11
q 24 24 -3.48
q 24 25 -64.83
q 24 26 -75.01
q 24 27 -63.04
q 24 28 -50.86
q 24 29 -52.32
q 24 30 -36.7
q 24 31 -35.26
q 24 32 -27.93
q 24 33 -67.23
q 24 34 -65.88
q 24 35 -36.39
q 24 36 -30.83
q 24 37 -16.32
q 24 38 -70.35
q 24 39 -32.8
q 25 0 51.2
q 25 1 25.23
q 25 2 73.64
q 25 3 41.22
q 25 4 34.42
q 25 5 11.71
q 25 6 63.66
q 25 7 20.77
q 25 8 24.68
q 25 9 76.69
q 25 10 41.03
q 25 11 67.63
q 25 12 77.07
q 25 13 58.49
q 25 14 13.96
q 25 15 20.25
q 25 16 10.12
q 25 17 17.15
q 25 18 64.46
q 25 19 21.38
q 25 20 -51.2
q 25 21 -25.23
q 25 22 -73.64
q 25 23 -41.22
q 25 24 -34.42
q 25 25 -11.71
q 25 26 -63.66
q 25 27 -20.77
q 25 28 -24.68
q 25 29 -76.69
q 25 30 -41.03
q 25 31 -67.63
q 25 32 -77.07
q 25 33 -58.49
q 25 34 -13.96
q 25 35 -20.25
q 25 36 -10.12
q 25 37 -17.15
q 25 38 -64.46
q 25 39 -21.38
q 26 0 31.59
q 26 1 62.18
q 26 2 12.97
q 26 3 34.13
q 26 4 7.4
q 26 5 76.18
q 26 6 58.41
q 26 7 79.17
q 26 8 76.7
q 26 9 69.56
q 26 10 65.89
q 26 11 8.04
q 26 12 8.26
q 26 13 18.8
q 26 14 30.23
q 26 15 22.04
q 26 16 36.68
q 26 17 65.06
q 26 18 70.96
q 26 19 48.78
q 26 20 -31.59
q 26 21 -62.18
q 26 22 -12.97
q 26 23 -34.13
q 26 24 -7.4
q 26 25 -76.18
q 26 26 -58.41
q 26 27 -79.17
q 26 28 -76.7
q 26 29 -69.56
q 26 30 -65.89
q 26 31 -8.04
q 26 32 -8.26
q 26 33 -18.8
q 26 34 -30.23
q 26 35 -22.04
q 26 36 -36.68
q 26 37 -65.06
q 26 38 -70.96
q 26 39 -48.78
q 27 0 66
q 27 1 35.56
q 27 2 0.08
q 27 3 10.19
q 27 4 48.03
q 27 5 71.59
q 27 6 72.79
q 27 7 0.81
q 27 8 60.7
q 27 9 41.03
q 27 10 41.11
q 27 11 77.57
q 27 12 44.19
q 27 13 77.28
q 27 14 79.11
q 27 15 26.92
q 27 16 40.87
q 27 17 59.37
q 27 18 6.99
q 27 19 1.05
q 27 20 -66
q 27 21 -35.56
q 27 22 -0.08
q 27 23 -10.19
q 27 24 -48.03
q 27 25 -71.59
q 27 26 -72.79
q 27 27 -0.81
q 27 28 -60.7
q 27 29 -41.03
q 27 30 -41.11
q 27 31 -77.57
q 27 32 -44.19
q 27 33 -77.28
q 27 34 -79.11
q 27 35 -26.92
q 27 36 -40.87
q 27 37 -59.37
q 27 38 -6.99
q 27 39 -1.05
q 28 0 37.38
q 28 1 49.54
q 28 2 78.64
q 28 3 67.6
q 28 4 56.69
q 28 5 56.97
q 28 6 58.52
q 28 7 18.7
q 28 8 56.98
q 28 9 60.63
q 28 10 19.23
q 28 11 44.18
q 28 12 66.66
q 28 13 6.05
q 28 14 58.66
q 28 15 53.54
q 28 16 36.65
q 28 17 53.87
q 28 18 78.63
q 28 19 24.04
q 28 20 -37.38
q 28 21 -49.54
q 28 22 -78.64
q 28 23 -67.6
q 28 24 -56.69
q 28 25 -56.97
q 28 26 -58.52
q 28 27 -18.7
q 28 28 -56.98
q 28 29 -60.63
q 28 30 -19.23
q 28 31 -44.18
q 28 32 -66.66
q 28 33 -6.05
q 28 34 -58.66
q 28 35 -53.54
q 28 36 -36.65
q 28 37 -53.87
q 28 38 -78.63
q 28 39 -24.04
q 29 0 38.54
q 29 1 49.13
q 29 2 34.72
q 29 3 3.68
q 29 4 8.02
q 29 5 27.2
q 29 6 66.42
q 29 7 41.92
q 29 8 17.26
q 29 9 63.66
q 29 10 9.1
q 29 11 46.64
q 29 12 56.37
q 29 13 0.95
q 29 14 34.12
q 29 15 69.64
q 29 16 16.31
q 29 17 16.81
q 29 18 54.32
q 29 19 15.13
q 29 20 -38.54
q 29 21 -49.13
q 29 22 -34.72
q 29 23 -3.68
q 29 24 -8.02
q 29 25 -27.2
q 29 26 -66.42
q 29 27 -41.92
q 29 28 -17.26
q 29 29 -63.66
q 29 30 -9.1
q 29 31 -46.64
q 29 32 -56.37
q 29 33 -0.95
q 29 34 -34.12
q 29 35 -69.64
q 29 36 -16.31
q 29 37 -16.81
q 29 38 -54.32
q 29 39 -15.13
q 30 0 24.47
q 30 1 29.14
q 30 2 61.44
q 30 3 67.09
q 30 4 26.22
q 30 5 54.75
q 30 6 35.69
q 30 7 13.4
q 30 8 33.19
q 30 9 28.96
q 30 10 50.28
q 30 11 50.57
q 30 12 22.38
q 30 13 46.72
q 30 14 44.55
q 30 15 78.12
q 30 16 43.35
q 30 17 60.24
q 30 18 33.97
q 30 19 40.43
q 30 20 -24.47
q 30 21 -29.14
q 30 22 -61.44
q 30 23 -67.09
q 30 24 -26.22
q 30 25 -54.75
q 30 26 -35.69
q 30 27 -13.4
q 30 28 -33.19
q 30 29 -28.96
q 30 30 -50.28
q 30 31 -50.57
q 30 32 -22.38
q 30 33 -46.72
q 30 34 -44.55
q 30 35 -78.12
q 30 36 -43.35
q 30 37 -60.24
q 30 38 -33.97
q 30 39 -40.43
q 31 0 36.49
q 31 1 63.32
q 31 2 37.38
q 31 3 44
q 31 4 70.86
q 31 5 47.22
q 31 6 77.88
q 31 7 78.06
q 31 8 9.9
q 31 9 9.46
q 31 10 40.69
q 31 11 14.67
q 31 12 47.66
q 31 13 37.33
q 31 14 68.37
q 31 15 32.82
q 31 16 33.63
q 31 17 36.58
q 31 18 59.06
q 31 19 0.49
q 31 20 -36.49
q 31 21 -63.32
q 31 22 -37.38
q 31 23 -44
q 31 24 -70.86
q 31 25 -47.22
q 31 26 -77.88
q 31 27 -78.06
q 31 28 -9.9
q 31 29 -9.46
q 31 30 -40.69
q 31 31 -14.67
q 31 32 -47.66
q 31 33 -37.33
q 31 34 -68.37
q 31 35 -32.82
q 31 36 -33.63
q 31 37 -36.58
q 31 38 -59.06
q 31 39 -0.49
q 32 0 13.91
q 32 1 16.61
q 32 2 40.86
q 32 3 53.04
q 32 4 19.31
q 32 5 64.76
q 32 6 13.34
q 32 7 50
q 32 8 52.28
q 32 9 49.31
q 32 10 63.45
q 32 11 50.57
q 32 12 76.57
q 32 13 34.41
q 32 14 78.33
q 32 15 48.41
q 32 16 12.94
q 32 17 39.04
q 32 18 31.29
q 32 19 66.97
q 32 20 -13.91
q 32 21 -16.61
q 32 22 -40.86
q 32 23 -53.04
q 32 24 -19.31
q 32 25 -64.76
q 32 26 -13.34
q 32 27 -50
q 32 28 -52.28
q 32 29 -49.31
q 32 30 -63.45
q 32 31 -50.57
q 32 32 -76.57
q 32 33 -34.41
q 32 34 -78.33
q 32 35 -48.41
q 32 36 -12.94
q 32 37 -39.04
q 32 38 -31.29
q 32 39 -66.97
q 33 0 16.84
q 33 1 58.37
q 33 2 43.97
q 33 3 5.89
q 33 4 28.48
q 33 5 41.48
q 33 6 37.93
q 33 7 29.57
q 33 8 59.96
q 33 9 19.27
q 33 10 71.47
q 33 11 70.7
q 33 12 0.62
q 33 13 73.74
q 33 14 73.14
q 33 15 69.49
q 33 16 29.21
q 33 17 73.2
q 33 18 55.41
q 33 19 36.35
q 33 20 -16.84
q 33 21 -58.37
q 33 22 -43.97
q 33 23 -5.89
q 33 24 -28.48
q 33 25 -41.48
q 33 26 -37.93
q 33 27 -29.57
q 33 28 -59.96
q 33 29 -19.27
q 33 30 -71.47
q 33 31 -70.7
q 33 32 -0.62
q 33 33 -73.74
q 33 34 -73.14
q 33 35 -69.49
q 33 36 -29.21
q 33 37 -73.2
q 33 38 -55.41
q 33 39 -36.35
q 34 0 56.18
q 34 1 43.15
q 34 2 53.01
q 34 3 38.87
q 34 4 42.13
q 34 5 19.43
q 34 6 15.15
q 34 7 49.05
q 34 8 17.52
q 34 9 78.09
q 34 10 16.51
q 34 11 13.01
q 34 12 18.39
q 34 13 17.78
q 34 14 3.83
q 34 15 41.14
q 34 16 53.1
q 34 17 66.27
q 34 18 43.65
q 34 19 73.91
q 34 20 -56.18
q 34 21 -43.15
q 34 22 -53.01
q 34 23 -38.87
q 34 24 -42.13
q 34 25 -19.43
q 34 26 -15.15
q 34 27 -49.05
q 34 28 -17.52
q 34 29 -78.09
q 34 30 -16.51
q 34 31 -13.01
q 34 32 -18.39
q 34 33 -17.78
q 34 34 -3.83
q 34 35 -41.14
q 34 36 -53.1
q 34 37 -66.27
q 34 38 -43.65
q 34 39 -73.91
q 35 0 72.81
q 35 1 78.23
q 35 2 60.25
q 35 3 78.22
q 35 4 66.77
q 35 5 30.93
q 35 6 63.97
q 35 7 24.6
q 35 8 0.75
q 35 9 74.64
q 35 10 18.73
q 35 11 32.09
q 35 12 49.7
q 35 13 22.82
q 35 14 30.24
q 35 15 39.68
q 35 16 74.59
q 35 17 62.33
q 35 18 14.65
q 35 19 58.44
q 35 20 -72.81
q 35 21 -78.23
q 35 22 -60.25
q 35 23 -78.22
q 35 24 -66.77
q 35 25 -30.93
q 35 26 -63.97
q 35 27 -24.6
q 35 28 -0.75
q 35 29 -74.64
q 35 30 -18.73
q 35 31 -32.09
q 35 32 -49.7
q 35 33 -22.82
q 35 34 -30.24
q 35 35 -39.68
q 35 36 -74.59
q 35 37 -62.33
q 35 38 -14.65
q 35 39 -58.44
q 36 0 36.67
q 36 1 36.12
q 36 2 50.36
q 36 3 15.5
q 36 4 54.4
q 36 5 11.53
q 36 6 77.5
q 36 7 67.98
q 36 8 79.17
q 36 9 28.95
q 36 10 2.05
q 36 11 64.16
q 36 12 32.24
q 36 13 61.64
q 36 14 11.28
q 36 15 11.35
q 36 16 10.2
q 36 17 4.11
q 36 18 17.8
q 36 19 78.65
q 36 20 -36.67
q 36 21 -36.12
q 36 22 -50.36
q 36 23 -15.5
q 36 24 -54.4
q 36 25 -11.53
q 36 26 -77.5
q 36 27 -67.98
q 36 28 -79.17
q 36 29 -28.95
q 36 30 -2.05
q 36 31 -64.16
q 36 32 -32.24
q 36 33 -61.64
q 36 34 -11.28
q 36 35 -11.35
q 36 36 -10.2
q 36 37 -4.11
q 36 38 -17.8
q 36 39 -78.65
q 37 0 38.96
q 37 1 18.32
q 37 2 21.17
q 37 3 72.85
q 37 4 51.36
q 37 5 43.49
q 37 6 64.15
q 37 7 22.4
q 37 8 43.88
q 37 9 53.78
q 37 10 18.18
q 37 11 64.71
q 37 12 20.65
q 37 13 29.39
q 37 14 7.4
q 37 15 4.32
q 37 16 71.74
q 37 17 72.21
q 37 18 17.89
q 37 19 33.41
q 37 20 -38.96
q 37 21 -18.32
q 37 22 -21.17
q 37 23 -72.85
q 37 24 -51.36
q 37 25 -43.49
q 37 26 -64.15
q 37 27 -22.4
q 37 28 -43.88
q 37 29 -53.78
q 37 30 -18.18
q 37 31 -64.71
q 37 32 -20.65
q 37 33 -29.39
q 37 34 -7.4
q 37 35 -4.32
q 37 36 -71.74
q 37 37 -72.21
q 37 38 -17.89
q 37 39 -33.41
q 38 0 79.75
q 38 1 48.8
q 38 2 19.27
q 38 3 51.46
q 38 4 48.23
q 38 5 5.93
q 38 6 27
q 38 7 51.2
q 38 8 12.33
q 38 9 41.65
q 38 10 49.2
q 38 11 24.44
q 38 12 24.39
q 38 13 54.39
q 38 14 0.68
q 38 15 50.62
q 38 16 70.68
q 38 17 1.63
q 38 18 56.26
q 38 19 16.56
q 38 20 -79.75
q 38 21 -48.8
q 38 22 -19.27
q 38 23 -51.46
q 38 24 -48.23
q 38 25 -5.93
q 38 26 -27
q 38 27 -51.2
q 38 28 -12.33
q 38 29 -41.65
q 38 30 -49.2
q 38 31 -24.44
q 38 32 -24.39
q 38 33 -54.39
q 38 34 -0.68
q 38 35 -50.62
q 38 36 -70.68
q 38 37 -1.63
q 38 38 -56.26
q 38 39 -16.56
q 39 0 21.7
q 39 1 6.79
q 39 2 56.63
q 39 3 46.68
q 39 4 65.4
q 39 5 48.35
q 39 6 71.99
q 39 7 35.7
q 39 8 4.16
q 39 9 60.55
q 39 10 65.96
q 39 11 60.89
q 39 12 43.63
q 39 13 1.94
q 39 14 76.61
q 39 15 68.78
q 39 16 19.78
q 39 17 41.54
q 39 18 8.42
q 39 19 73.15
q 39 20 -21.7
q 39 21 -6.79
q 39 22 -56.63
q 39 23 -46.68
q 39 24 -65.4
q 39 25 -48.35
q 39 26 -71.99
q 39 27 -35.7
q 39 28 -4.16
q 39 29 -60.55
q 39 30 -65.96
q 39 31 -60.89
q 39 32 -43.63
q 39 33 -1.94
q 39 34 -76.61
q 39 35 -68.78
q 39 36 -19.78
q 39 37 -41.54
q 39 38 -8.42
q 39 39 -73.15
q 40 0 4
q 40 1 66.69
q 40 2 34.47
q 40 3 11.88
q 40 4 43.74
q 40 5 48.48
q 40 6 79.63
q 40 7 22.17
q 40 8 31.89
q 40 9 27.41
q 40 10 10.69
q 40 11 54.61
q 40 12 16.36
q 40 13 2.62
q 40 14 69.56
q 40 15 11.77
q 40 16 6.63
q 40 17 62.64
q 40 18 39.43
q 40 19 15.72
q 40 20 -4
q 40 21 -66.69
q 40 22 -34.47
q 40 23 -11.88
q 40 24 -43.74
q 40 25 -48.48
q 40 26 -79.63
q 40 27 -22.17
q 40 28 -31.89
q 40 29 -27.41
q 40 30 -10.69
q 40 31 -54.61
q 40 32 -16.36
q 40 33 -2.62
q 40 34 -69.56
q 40 35 -11.77
q 40 36 -6.63
q 40 37 -62.64
q 40 38 -39.43
q 40 39 -15.72
q 41 0 43.78
q 41 1 65.2
q 41 2 36.97
q 41 3 20.19
q 41 4 32.43
q 41 5 41.41
q 41 6 55.21
q 41 7 37.62
q 41 8 75.48
q 41 9 69.01
q 41 10 61.26
q 41 11 71.19
q 41 12 17.87
q 41 13 74.88
q 41 14 52.35
q 41 15 0.48
q 41 16 72.19
q 41 17 76.66
q 41 18 23.19
q 41 19 10.31
q 41 20 -43.78
q 41 21 -65.2
q 41 22 -36.97
q 41 23 -20.19
q 41 24 -32.43
q 41 25 -41.41
q 41 26 -55.21
q 41 27 -37.62
q 41 28 -75.48
q 41 29 -69.01
q 41 30 -61.26
q 41 31 -71.19
q 41 32 -17.87
q 41 33 -74.88
q 41 34 -52.35
q 41 35 -0.48
q 41 36 -72.19
q 41 37 -76.66
q 41 38 -23.19
q 41 39 -10.31
q 42 0 14.22
q 42 1 22.45
q 42 2 23.42
q 42 3 52.63
q 42 4 49.18
q 42 5 7.03
q 42 6 68.25
q 42 7 16.66
q 42 8 20.53
q 42 9 1.49
q 42 10 66.2
q 42 11 11.76
q 42 12 24.17
q 42 13 42.78
q 42 14 0.97
q 42 15 50.05
q 42 16 14.04
q 42 17 42.59
q 42 18 59.78
q 42 19 32.62
q 42 20 -14.22
q 42 21 -22.45
q 42 22 -23.42
q 42 23 -52.63
q 42 24 -49.18
q 42 25 -7.03
q 42 26 -68.25
q 42 27 -16.66
q 42 28 -20.53
q 42 29 -1.49
q 42 30 -66.2
q 42 31 -11.76
q 42 32 -24.17
q 42 33 -42.78
q 42 34 -0.97
q 42 35 -50.05
q 42 36 -14.04
q 42 37 -42.59
q 42 38 -59.78
q 42 39 -32.62
q 43 0 15.76
q 43 1 45.32
q 43 2 66.08
q 43 3 24.99
q 43 4 47.3
q 43 5 67.28
q 43 6 53.74
q 43 7 59.63
q 43 8 67.2
q 43 9 20.57
q 43 10 71.76
q 43 11 57.95
q 43 12 48.67
q 43 13 62.94
q 43 14 30.46
q 43 15 68.8
q 43 16 52.45
q 43 17 76.83
q 43 18 42.97
q 43 19 50.88
q 43 20 -15.76
q 43 21 -45.32
q 43 22 -66.08
q 43 23 -24.99
q 43 24 -47.3
q 43 25 -67.28
q 43 26 -53.74
q 43 27 -59.63
q 43 28 -67.2
q 43 29 -20.57
q 43 30 -71.76
q 43 31 -57.95
q 43 32 -48.67
q 43 33 -62.94
q 43 34 -30.46
q 43 35 -68.8
q 43 36 -52.45
q 43 37 -76.83
q 43 38 -42.97
q 43 39 -50.88
q 44 0 30.91
q 44 1 49.3
q 44 2 29.18
q 44 3 71.61
q 44 4 34.89
q 44 5 18.25
q 44 6 37.2
q 44 7 73.65
q 44 8 72.81
q 44 9 13.9
q 44 10 41.36
q 44 11 63.96
q 44 12 36.53
q 44 13 40.67
q 44 14 52.54
q 44 15 49.85
q 44 16 11.9
q 44 17 78.74
q 44 18 0.47
q 44 19 36.65
q 44 20 -30.91
q 44 21 -49.3
q 44 22 -29.18
q 44 23 -71.61
q 44 24 -34.89
q 44 25 -18.25
q 44 26 -37.2
q 44 27 -73.65
q 44 28 -72.81
q 44 29 -13.9
q 44 30 -41.36
q 44 31 -63.96
q 44 32 -36.53
q 44 33 -40.67
q 44 34 -52.54
q 44 35 -49.85
q 44 36 -11.9
q 44 37 -78.74
q 44 38 -0.47
q 44 39 -36.65
q 45 0 33.87
q 45 1 63.05
q 45 2 67.44
q 45 3 14.98
q 45 4 71.47
q 45 5 27.97
q 45 6 75.22
q 45 7 19.68
q 45 8 28.95
q 45 9 36.69
q 45 10 54.22
q 45 11 63.06
q 45 12 43.06
q 45 13 16.63
q 45 14 14.02
q 45 15 70.5
q 45 16 67.69
q 45 17 5.64
q 45 18 62.66
q 45 19 26.89
q 45 20 -33.87
q 45 21 -63.05
q 45 22 -67.44
q 45 23 -14.98
q 45 24 -71.47
q 45 25 -27.97
q 45 26 -75.22
q 45 27 -19.68
q 45 28 -28.95
q 45 29 -36.69
q 45 30 -54.22
q 45 31 -63.06
q 45 32 -43.06
q 45 33 -16.63
q 45 34 -14.02
q 45 35 -70.5
q 45 36 -67.69
q 45 37 -5.64
q 45 38 -62.66
q 45 39 -26.89
q 46 0 76.19
q 46 1 72.91
q 46 2 39.21
q 46 3 57.49
q 46 4 54.58
q 46 5 25.43
q 46 6 57.68
q 46 7 69.42
q 46 8 29.58
q 46 9 21.49
q 46 10 33.23
q 46 11 72.76
q 46 12 21.9
q 46 13 43.9
q 46 14 34.62
q 46 15 57.97
q 46 16 73.96
q 46 17 13.24
q 46 18 14.88
q 46 19 14.35
q 46 20 -76.19
q 46 21 -72.91
q 46 22 -39.21
q 46 23 -57.49
q 46 24 -54.58
q 46 25 -25.43
q 46 26 -57.68
q 46 27 -69.42
q 46 28 -29.58
q 46 29 -21.49
q 46 30 -33.23
q 46 31 -72.76
q 46 32 -21.9
q 46 33 -43.9
q 46 34 -34.62
q 46 35 -57.97
q 46 36 -73.96
q 46 37 -13.24
q 46 38 -14.88
q 46 39 -14.35
q 47 0 33.07
q 47 1 26.39
q 47 2 68.05
q 47 3 10.14
q 47 4 4.04
q 47 5 66.48
q 47 6 52.53
q 47 7 25.92
q 47 8 14.23
q 47 9 8.96
q 47 10 14.65
q 47 11 39.5
q 47 12 37.96
q 47 13 27.6
q 47 14 41.68
q 47 15 72.83
q 47 16 74.42
q 47 17 67.47
q 47 18 68.29
q 47 19 11.27
q 47 20 -33.07
q 47 21 -26.39
q 47 22 -68.05
q 47 23 -10.14
q 47 24 -4.04
q 47 25 -66.48
q 47 26 -52.53
q 47 27 -25.92
q 47 28 -14.23
q 47 29 -8.96
q 47 30 -14.65
q 47 31 -39.5
q 47 32 -37.96
q 47 33 -27.6
q 47 34 -41.68
q 47 35 -72.83
q 47 36 -74.42
q 47 37 -67.47
q 47 38 -68.29
q 47 39 -11.27
q 48 0 75.17
q 48 1 24.06
q 48 2 68.43
q 48 3 6.73
q 48 4 14.1
q 48 5 36.09
q 48 6 14.61
q 48 7 62.65
q 48 8 9.18
q 48 9 50.08
q 48 10 65.85
q 48 11 66.27
q 48 12 13.39
q 48 13 38.21
q 48 14 55.45
q 48 15 49.28
q 48 16 29.6
q 48 17 35.84
q 48 18 29.12
q 48 19 40.18
q 48 20 -75.17
q 48 21 -24.06
q 48 22 -68.43
q 48 23 -6.73
q 48 24 -14.1
q 48 25 -36.09
q 48 26 -14.61
q 48 27 -62.65
q 48 28 -9.18
q 48 29 -50.08
q 48 30 -65.85
q 48 31 -66.27
q 48 32 -13.39
q 48 33 -38.21
q 48 34 -55.45
q 48 35 -49.28
q 48 36 -29.6
q 48 37 -35.84
q 48 38 -29.12
q 48 39 -40.18
q 49 0 55.36
q 49 1 63.59
q 49 2 27.5
q 49 3 48.92
q 49 4 18.03
q 49 5 43.09
q 49 6 66.19
q 49 7 79.13
q 49 8 36.66
q 49 9 19.84
q 49 10 7.3
q 49 11 5.24
q 49 12 25.58
q 49 13 25.52
q 49 14 64.24
q 49 15 26.42
q 49 16 66.47
q 49 17 22.18
q 49 18 74.27
q 49 19 29.25
q 49 20 -55.36
q 49 21 -63.59
q 49 22 -27.5
q 49 23 -48.92
q 49 24 -18.03
q 49 25 -43.09
q 49 26 -66.19
q 49 27 -79.13
q 49 28 -36.66
q 49 29 -19.84
q 49 30 -7.3
q 49 31 -5.24
q 49 32 -25.58
q 49 33 -25.52
q 49 34 -64.24
q 49 35 -26.42
q 49 36 -66.47
q 49 37 -22.18
q 49 38 -74.27
q 49 39 -29.25
q 50 0 54.91
q 50 1 49.75
q 50 2 68.22
q 50 3 23.05
q 50 4 36.96
q 50 5 4.81
q 50 6 75.82
q 50 7 32.66
q 50 8 77.68
q 50 9 32.64
q 50 10 36.34
q 50 11 70.91
q 50 12 42.01
q 50 13 37.89
q 50 14 3.21
q 50 15 7.06
q 50 16 78.83
q 50 17 33.56
q 50 18 18.3
q 50 19 48.71
q 50 20 -54.91
q 50 21 -49.75
q 50 22 -68.22
q 50 23 -23.05
q 50 24 -36.96
q 50 25 -4.81
q 50 26 -75.82
q 50 27 -32.66
q 50 28 -77.68
q 50 29 -32.64
q 50 30 -36.34
q 50 31 -70.91
q 50 32 -42.01
q 50 33 -37.89
q 50 34 -3.21
q 50 35 -7.06
q 50 36 -78.83
q 50 37 -33.56
q 50 38 -18.3
q 50 39 -48.71
q 51 0 68.08
q 51 1 18.7
q 51 2 44.3
q 51 3 64.6
q 51 4 51.63
q 51 5 25.06
q 51 6 35.61
q 51 7 48.16
q 51 8 19.82
q 51 9 71.16
q 51 10 48.81
q 51 11 0.6
q 51 12 73.29
q 51 13 13.09
q 51 14 69.38
q 51 15 73.98
q 51 16 55.03
q 51 17 77.28
q 51 18 64.43
q 51 19 25.04
q 51 20 -68.08
q 51 21 -18.7
q 51 22 -44.3
q 51 23 -64.6
q 51 24 -51.63
q 51 25 -25.06
q 51 26 -35.61
q 51 27 -48.16
q 51 28 -19.82
q 51 29 -71.16
q 51 30 -48.81
q 51 31 -0.6
q 51 32 -73.29
q 51 33 -13.09
q 51 34 -69.38
q 51 35 -73.98
q 51 36 -55.03
q 51 37 -77.28
q 51 38 -64.43
q 51 39 -25.04
q 52 0 68.39
q 52 1 27.91
q 52 2 19.45
q 52 3 49.28
q 52 4 67.55
q 52 5 35.08
q 52 6 56.27
q 52 7 79.8
q 52 8 18.18
q 52 9 59.61
q 52 10 9.77
q 52 11 8.54
q 52 12 53.14
q 52 13 71.56
q 52 14 70.04
q 52 15 10.08
q 52 16 36.28
q 52 17 66.83
q 52 18 18.4
q 52 19 23.83
q 52 20 -68.39
q 52 21 -27.91
q 52 22 -19.45
q 52 23 -49.28
q 52 24 -67.55
q 52 25 -35.08
q 52 26 -56.27
q 52 27 -79.8
q 52 28 -18.18
q 52 29 -59.61
q 52 30 -9.77
q 52 31 -8.54
q 52 32 -53.14
q 52 33 -71.56
q 52 34 -70.04
q 52 35 -10.08
q 52 36 -36.28
q 52 37 -66.83
q 52 38 -18.4
q 52 39 -23.83
q 53 0 22.96
q 53 1 15.46
q 53 2 18.59
q 53 3 73.1
q 53 4 67.07
q 53 5 65.43
q 53 6 26.63
q 53 7 35.39
q 53 8 50.43
q 53 9 13.6
q 53 10 4.05
q 53 11 44.15
q 53 12 10.63
q 53 13 3.33
q 53 14 30.07
q 53 15 66.03
q 53 16 31.8
q 53 17 75.58
q 53 18 32.48
q 53 19 79.36
q 53 20 -22.96
q 53 21 -15.46
q 53 22 -18.59
q 53 23 -73.1
q 53 24 -67.07
q 53 25 -65.43
q 53 26 -26.63
q 53 27 -35.39
q 53 28 -50.43
q 53 29 -13.6
q 53 30 -4.05
q 53 31 -44.15
q 53 32 -10.63
q 53 33 -3.33
q 53 34 -30.07
q 53 35 -66.03
q 53 36 -31.8
q 53 37 -75.58
q 53 38 -32.48
q 53 39 -79.36
q 54 0 38.8
q 54 1 10.77
q 54 2 55.72
q 54 3 9.47
q 54 4 7.1
q 54 5 55.91
q 54 6 55.09
q 54 7 76.6
q 54 8 59.55
q 54 9 0.1
q 54 10 22.54
q 54 11 15.89
q 54 12 67.48
q 54 13 28.46
q 54 14 39.96
q 54 15 60.44
q 54 16 72.37
q 54 17 36.89
q 54 18 28.87
q 54 19 13.8
q 54 20 -38.8
q 54 21 -10.77
q 54 22 -55.72
q 54 23 -9.47
q 54 24 -7.1
q 54 25 -55.91
q 54 26 -55.09
q 54 27 -76.6
q 54 28 -59.55
q 54 29 -0.1
q 54 30 -22.54
q 54 31 -15.89
q 54 32 -67.48
q 54 33 -28.46
q 54 34 -39.96
q 54 35 -60.44
q 54 36 -72.37
q 54 37 -36.89
q 54 38 -28.87
q 54 39 -13.8
q 55 0 46.4
q 55 1 37.33
q 55 2 40.56
q 55 3 23.92
q 55 4 15.27
q 55 5 54.04
q 55 6 8.88
q 55 7 25.39
q 55 8 76.56
q 55 9 59.48
q 55 10 61.88
q 55 11 9.45
q 55 12 74.38
q 55 13 53.49
q 55 14 70.89
q 55 15 53.33
q 55 16 10.72
q 55 17 8.05
q 55 18 52.45
q 55 19 2.97
q 55 20 -46.4
q 55 21 -37.33
q 55 22 -40.56
q 55 23 -23.92
q 55 24 -15.27
q 55 25 -54.04
q 55 26 -8.88
q 55 27 -25.39
q 55 28 -76.56
q 55 29 -59.48
q 55 30 -61.88
q 55 31 -9.45
q 55 32 -74.38
q 55 33 -53.49
q 55 34 -70.89
q 55 35 -53.33
q 55 36 -10.72
q 55 37 -8.05
q 55 38 -52.45
q 55 39 -2.97
q 56 0 69.93
q 56 1 14.82
q 56 2 14.28
q 56 3 0.13
q 56 4 14.06
q 56 5 62.09
q 56 6 50.24
q 56 7 50.21
q 56 8 7.95
q 56 9 67.93
q 56 10 37.35
q 56 11 6.93
q 56 12 17.14
q 56 13 6.71
q 56 14 22.66
q 56 15 40.49
q 56 16 74.83
q 56 17 6.83
q 56 18 17.4
q 56 19 6.72
q 56 20 -69.93
q 56 21 -14.82
q 56 22 -14.28
q 56 23 -0.13
q 56 24 -14.06
q 56 25 -62.09
q 56 26 -50.24
q 56 27 -50.21
q 56 28 -7.95
q 56 29 -67.93
q 56 30 -37.35
q 56 31 -6.93
q 56 32 -17.14
q 56 33 -6.71
q 56 34 -22.66
q 56 35 -40.49
q 56 36 -74.83
q 56 37 -6.83
q 56 38 -17.4
q 56 39 -6.72
q 57 0 12.73
q 57 1 49.47
q 57 2 25.67
q 57 3 3.22
q 57 4 52.17
q 57 5 44.33
q 57 6 44.89
q 57 7 17.77
q 57 8 66.46
q 57 9 22.34
q 57 10 44.31
q 57 11 4.23
q 57 12 62.42
q 57 13 72.34
q 57 14 47.5
q 57 15 76.23
q 57 16 70.33
q 57 17 24.96
q 57 18 66.68
q 57 19 53.23
q 57 20 -12.73
q 57 21 -49.47
q 57 22 -25.67
q 57 23 -3.22
q 57 24 -52.17
q 57 25 -44.33
q 57 26 -44.89
q 57 27 -17.77
q 57 28 -66.46
q 57 29 -22.34
q 57 30 -44.31
q 57 31 -4.23
q 57 32 -62.42
q 57 33 -72.34
q 57 34 -47.5
q 57 35 -76.23
q 57 36 -70.33
q 57 37 -24.96
q 57 38 -66.68
q 57 39 -53.23
q 58 0 1.19
q 58 1 40.21
q 58 2 65.52
q 58 3 2.44
q 58 4 59.73
q 58 5 53.96
q 58 6 25.61
q 58 7 41
q 58 8 49.79
q 58 9 33.55
q 58 10 78.83
q 58 11 14.01
q 58 12 18.93
q 58 13 34.03
q 58 14 57.28
q 58 15 14.08
q 58 16 12.12
q 58 17 28.5
q 58 18 36.57
q 58 19 19.02
q 58 20 -1.19
q 58 21 -40.21
q 58 22 -65.52
q 58 23 -2.44
q 58 24 -59.73
q 58 25 -53.96
q 58 26 -25.61
q 58 27 -41
q 58 28 -49.79
q 58 29 -33.55
q 58 30 -78.83
q 58 31 -14.01
q 58 32 -18.93
q 58 33 -34.03
q 58 34 -57.28
q 58 35 -14.08
q 58 36 -12.12
q 58 37 -28.5
q 58 38 -36.57
q 58 39 -19.02
q 59 0 76.35
q 59 1 40.68
q 59 2 72.86
q 59 3 66.93
q 59 4 3.05
q 59 5 31.58
q 59 6 24.05
q 59 7 6.2
q 59 8 0.36
q 59 9 20.66
q 59 10 79.53
q 59 11 65.76
q 59 12 30.48
q 59 13 32.82
q 59 14 37.84
q 59 15 54.59
q 59 16 67.84
q 59 17 15
q 59 18 59.1
q 59 19 75.3
q 59 20 -76.35
q 59 21 -40.68
q 59 22 -72.86
q 59 23 -66.93
q 59 24 -3.05
q 59 25 -31.58
q 59 26 -24.05
q 59 27 -6.2
q 59 28 -0.36
q 59 29 -20.66
q 59 30 -79.53
q 59 31 -65.76
q 59 32 -30.48
q 59 33 -32.82
q 59 34 -37.84
q 59 35 -54.59
q 59 36 -67.84
q 59 37 -15
q 59 38 -59.1
q 59 39 -75.3
q 90 0 89.44
q 90 1 54.61
q 90 2 64.71
q 90 3 35.36
q 90 4 20.43
q 90 5 58.08
q 90 6 62.2
q 90 7 38.86
q 90 8 30.82
q 90 9 54.51
q 90 10 43.59
q 90 11 26.57
q 90 12 52.35
q 90 13 20.24
q 90 14 66.93
q 90 15 38.5
q 90 16 66.9
q 90 17 37.15
q 90 18 54.57
q 90 19 72.12
q 90 20 -15.35
q 90 21 -14.98
q 90 22 -16.98
q 90 23 -8.31
q 90 24 -2.95
q 90 25 -2.72
q 90 26 -9.37
q 90 27 -4.82
q 90 28 -10.67
q 90 29 -5.93
q 90 30 -6.85
q 90 31 -13.08
q 90 32 -15.33
q 90 33 -13.09
q 90 34 -13.78
q 90 35 -1.8
q 90 36 -5.01
q 90 37 -7.61
q 90 38 -0.8
q 90 39 -10.15
q 91 0 49.74
q 91 1 89.45
q 91 2 94.73
q 91 3 53.99
q 91 4 53.51
q 91 5 35.35
q 91 6 92.69
q 91 7 95.34
q 91 8 47.77
q 91 9 36.05
q 91 10 45.71
q 91 11 53.65
q 91 12 52.41
q 91 13 49.84
q 91 14 92.79
q 91 15 81.69
q 91 16 77.41
q 91 17 33.38
q 91 18 96.01
q 91 19 40.14
q 91 20 -16.41
q 91 21 -11.6
q 91 22 -19.79
q 91 23 -6.13
q 91 24 -11.06
q 91 25 -0.94
q 91 26 -1.95
q 91 27 -14.66
q 91 28 -16.69
q 91 29 -2.35
q 91 30 -9.77
q 91 31 -7.59
q 91 32 -12.78
q 91 33 -2.39
q 91 34 -2.49
q 91 35 -9.34
q 91 36 -11.93
q 91 37 -7.71
q 91 38 -10.85
q 91 39 -14.08
q 92 0 48.39
q 92 1 38.42
q 92 2 43.17
q 92 3 52.58
q 92 4 42.46
q 92 5 73.41
q 92 6 20.56
q 92 7 73.06
q 92 8 96.29
q 92 9 81.3
q 92 10 22.97
q 92 11 29.74
q 92 12 75.33
q 92 13 33.64
q 92 14 94.84
q 92 15 48.58
q 92 16 37.57
q 92 17 83.82
q 92 18 58.45
q 92 19 83.79
q 92 20 -18.26
q 92 21 -2.33
q 92 22 -18.5
q 92 23 -17.6
q 92 24 -5.52
q 92 25 -6.04
q 92 26 -10.46
q 92 27 -2.88
q 92 28 -5.37
q 92 29 -10.64
q 92 30 -15.03
q 92 31 -8.13
q 92 32 -14.42
q 92 33 -17.99
q 92 34 -4.32
q 92 35 -3.61
q 92 36 -9.13
q 92 37 -4.19
q 92 38 -13.72
q 92 39 -15.76
q 93 0 36.3
q 93 1 28.75
q 93 2 84.11
q 93 3 93.43
q 93 4 43.81
q 93 5 67.75
q 93 6 32.3
q 93 7 58.45
q 93 8 84.72
q 93 9 31.44
q 93 10 82.5
q 93 11 39.82
q 93 12 75.12
q 93 13 94.84
q 93 14 70.69
q 93 15 62.63
q 93 16 27.3
q 93 17 81.22
q 93 18 32.42
q 93 19 99.97
q 93 20 -12.54
q 93 21 -12.67
q 93 22 -15.94
q 93 23 -6.89
q 93 24 -16.65
q 93 25 -10.88
q 93 26 -7.19
q 93 27 -14.87
q 93 28 -9.03
q 93 29 -0.48
q 93 30 -7.99
q 93 31 -13.04
q 93 32 -10.51
q 93 33 -0.22
q 93 34 -19.9
q 93 35 -14.83
q 93 36 -10.43
q 93 37 -0.23
q 93 38 -0.14
q 93 39 -5.14
q 94 0 43.98
q 94 1 41.61
q 94 2 36.52
q 94 3 86.18
q 94 4 78.01
q 94 5 35.81
q 94 6 33.85
q 94 7 73.15
q 94 8 90.88
q 94 9 41.65
q 94 10 93.37
q 94 11 40.2
q 94 12 65.51
q 94 13 38.8
q 94 14 85.93
q 94 15 75.45
q 94 16 65.61
q 94 17 32.14
q 94 18 52.92
q 94 19 71.54
q 94 20 -14.89
q 94 21 -2.33
q 94 22 -13.36
q 94 23 -19.86
q 94 24 -15.51
q 94 25 -14.77
q 94 26 -15.53
q 94 27 -12.35
q 94 28 -9.8
q 94 29 -3.37
q 94 30 -15.15
q 94 31 -9.87
q 94 32 -19.6
q 94 33 -1.73
q 94 34 -18.4
q 94 35 -0.68
q 94 36 -8.54
q 94 37 -8.69
q 94 38 -15.93
q 94 39 -13.32
q 95 0 78.24
q 95 1 78.7
q 95 2 87.37
q 95 3 41.47
q 95 4 28.6
q 95 5 43.44
q 95 6 20.05
q 95 7 31.52
q 95 8 84.09
q 95 9 78.01
q 95 10 40.24
q 95 11 29.59
q 95 12 59.79
q 95 13 56.09
q 95 14 62.8
q 95 15 92.24
q 95 16 80.33
q 95 17 77.56
q 95 18 50.72
q 95 19 26.54
q 95 20 -1.16
q 95 21 -3.45
q 95 22 -19.23
q 95 23 -11.31
q 95 24 -0.88
q 95 25 -2.46
q 95 26 -6.18
q 95 27 -18.2
q 95 28 -7.43
q 95 29 -4.02
q 95 30 -10.63
q 95 31 -18.87
q 95 32 -10.34
q 95 33 -6.81
q 95 34 -15.45
q 95 35 -3.23
q 95 36 -8.55
q 95 37 -10.24
q 95 38 -16.95
q 95 39 -6.39
q 96 0 47.44
q 96 1 56.92
q 96 2 20.95
q 96 3 99.43
q 96 4 61.72
q 96 5 70.09
q 96 6 63.17
q 96 7 94.1
q 96 8 27.72
q 96 9 76
q 96 10 45.04
q 96 11 49.17
q 96 12 58.11
q 96 13 88.26
q 96 14 58.44
q 96 15 50.2
q 96 16 95.91
q 96 17 78.98
q 96 18 28.91
q 96 19 76.31
q 96 20 -17.62
q 96 21 -12.7
q 96 22 -10.94
q 96 23 -7.72
q 96 24 -9.59
q 96 25 -7.94
q 96 26 -13.84
q 96 27 -7.28
q 96 28 -4.48
q 96 29 -19.61
q 96 30 -9.03
q 96 31 -15.47
q 96 32 -18.82
q 96 33 -5.62
q 96 34 -0.12
q 96 35 -10.11
q 96 36 -12.11
q 96 37 -2.15
q 96 38 -14.18
q 96 39 -5.9
q 97 0 50.27
q 97 1 66.36
q 97 2 54.62
q 97 3 28.72
q 97 4 73.05
q 97 5 64.12
q 97 6 82.32
q 97 7 25.83
q 97 8 41.18
q 97 9 91.09
q 97 10 68.24
q 97 11 96.54
q 97 12 27.4
q 97 13 51.25
q 97 14 26.2
q 97 15 43.86
q 97 16 21.95
q 97 17 55.63
q 97 18 26.05
q 97 19 63.55
q 97 20 -6.88
q 97 21 -3.25
q 97 22 -3.49
q 97 23 -16.84
q 97 24 -6.59
q 97 25 -17.69
q 97 26 -2.41
q 97 27 -4
q 97 28 -16.67
q 97 29 -15.53
q 97 30 -14.4
q 97 31 -11.91
q 97 32 -0.11
q 97 33 -0.94
q 97 34 -13.61
q 97 35 -19.21
q 97 36 -16.19
q 97 37 -16.36
q 97 38 -7.58
q 97 39 -15.76
q 98 0 57.75
q 98 1 89.64
q 98 2 61.51
q 98 3 33.53
q 98 4 25.81
q 98 5 72.77
q 98 6 62.6
q 98 7 20.68
q 98 8 86.17
q 98 9 34.53
q 98 10 63.93
q 98 11 71.27
q 98 12 69.83
q 98 13 86.4
q 98 14 55.72
q 98 15 62.99
q 98 16 20.59
q 98 17 47.18
q 98 18 29.87
q 98 19 52.64
q 98 20 -11.36
q 98 21 -19.25
q 98 22 -6.03
q 98 23 -3.49
q 98 24 -8.14
q 98 25 -13.88
q 98 26 -9.59
q 98 27 -4.13
q 98 28 -0.8
q 98 29 -5.29
q 98 30 -19.67
q 98 31 -18.37
q 98 32 -18.94
q 98 33 -14.06
q 98 34 -2.77
q 98 35 -12.31
q 98 36 -7.54
q 98 37 -2.5
q 98 38 -10.47
q 98 39 -2.13
q 99 0 63.68
q 99 1 67.16
q 99 2 42.04
q 99 3 99.25
q 99 4 93.05
q 99 5 40.69
q 99 6 85.42
q 99 7 52.17
q 99 8 75.94
q 99 9 26.87
q 99 10 76.75
q 99 11 96.58
q 99 12 57.27
q 99 13 24.16
q 99 14 48.5
q 99 15 20.26
q 99 16 92.84
q 99 17 77.59
q 99 18 36.85
q 99 19 37.9
q 99 20 -6.98
q 99 21 -4.68
q 99 22 -0.4
q 99 23 -12.03
q 99 24 -3.16
q 99 25 -13.36
q 99 26 -16.85
q 99 27 -9.31
q 99 28 -15.78
q 99 29 -11.62
q 99 30 -6.58
q 99 31 -8.09
q 99 32 -5
q 99 33 -10.26
q 99 34 -1.79
q 99 35 -17.04
q 99 36 -10.83
q 99 37 -4.3
q 99 38 -4.89
q 99 39 -11.7
q 100 0 79.78
q 100 1 50.05
q 100 2 45.17
q 100 3 20.53
q 100 4 61
q 100 5 95.23
q 100 6 94.08
q 100 7 82.11
q 100 8 61.3
q 100 9 85.04
q 100 10 84.84
q 100 11 74.49
q 100 12 54.65
q 100 13 63.5
q 100 14 63.64
q 100 15 31.3
q 100 16 21.18
q 100 17 41.91
q 100 18 35.11
q 100 19 65.95
q 100 20 -16.26
q 100 21 -14.64
q 100 22 -19.26
q 100 23 -15.05
q 100 24 -0.75
q 100 25 -18.29
q 100 26 -4.84
q 100 27 -7.77
q 100 28 -3.8
q 100 29 -11.06
q 100 30 -1.92
q 100 31 -0.04
q 100 32 -13.16
q 100 33 -19.76
q 100 34 -11.99
q 100 35 -4.7
q 100 36 -5.67
q 100 37 -0.13
q 100 38 -18.59
q 100 39 -18.39
q 101 0 49.69
q 101 1 33.41
q 101 2 87.25
q 101 3 26.23
q 101 4 64.66
q 101 5 30.2
q 101 6 25.39
q 101 7 25.79
q 101 8 60.96
q 101 9 34.33
q 101 10 53.4
q 101 11 50.75
q 101 12 94.08
q 101 13 46.16
q 101 14 69.44
q 101 15 28.59
q 101 16 65.72
q 101 17 96.8
q 101 18 75.45
q 101 19 87.94
q 101 20 -13.63
q 101 21 -18.42
q 101 22 -18.56
q 101 23 -16.98
q 101 24 -19.83
q 101 25 -6.27
q 101 26 -4.8
q 101 27 -6.21
q 101 28 -1.9
q 101 29 -3.59
q 101 30 -14.93
q 101 31 -3.1
q 101 32 -3.36
q 101 33 -5.02
q 101 34 -7.13
q 101 35 -0.74
q 101 36 -13.99
q 101 37 -11.54
q 101 38 -19.24
q 101 39 -4.38
q 102 0 97.27
q 102 1 27.15
q 102 2 70.69
q 102 3 85.56
q 102 4 75.58
q 102 5 73.4
q 102 6 37.59
q 102 7 34.85
q 102 8 32.17
q 102 9 83.68
q 102 10 79.91
q 102 11 54.09
q 102 12 90.65
q 102 13 92.95
q 102 14 41.22
q 102 15 30.24
q 102 16 24.5
q 102 17 72.07
q 102 18 33.7
q 102 19 22.43
q 102 20 -6.92
q 102 21 -17.64
q 102 22 -3.34
q 102 23 -2.86
q 102 24 -0.94
q 102 25 -11.09
q 102 26 -12.14
q 102 27 -3.97
q 102 28 -3.23
q 102 29 -0.97
q 102 30 -3.87
q 102 31 -16.96
q 102 32 -5.33
q 102 33 -19.47
q 102 34 -7.03
q 102 35 -9.42
q 102 36 -0.21
q 102 37 -14.75
q 102 38 -7.83
q 102 39 -1.53
q 103 0 33.94
q 103 1 54.59
q 103 2 98.8
q 103 3 78.47
q 103 4 85.74
q 103 5 43.38
q 103 6 52.83
q 103 7 68.69
q 103 8 80.52
q 103 9 82.01
q 103 10 69.75
q 103 11 45.31
q 103 12 81.46
q 103 13 99.37
q 103 14 83.41
q 103 15 96.42
q 103 16 65.24
q 103 17 34.71
q 103 18 92.61
q 103 19 55.39
q 103 20 -15.36
q 103 21 -10.59
q 103 22 -2.2
q 103 23 -17.04
q 103 24 -19.63
q 103 25 -19.89
q 103 26 -16.51
q 103 27 -11.35
q 103 28 -2.89
q 103 29 -13.7
q 103 30 -10.48
q 103 31 -2.08
q 103 32 -10.32
q 103 33 -6.89
q 103 34 -1.08
q 103 35 -0.57
q 103 36 -6.5
q 103 37 -2.5
q 103 38 -4.66
q 103 39 -14.3
q 104 0 35.53
q 104 1 43.74
q 104 2 99.6
q 104 3 95.05
q 104 4 74.41
q 104 5 51.62
q 104 6 39.93
q 104 7 78.35
q 104 8 43.56
q 104 9 97.1
q 104 10 55.15
q 104 11 21.34
q 104 12 20.93
q 104 13 84.18
q 104 14 47.14
q 104 15 49.84
q 104 16 89.53
q 104 17 86.57
q 104 18 32.2
q 104 19 68.89
q 104 20 -11.07
q 104 21 -16.15
q 104 22 -17.37
q 104 23 -4.94
q 104 24 -3.76
q 104 25 -1.23
q 104 26 -12.42
q 104 27 -5.87
q 104 28 -3.44
q 104 29 -8.62
q 104 30 -0.71
q 104 31 -10.84
q 104 32 -7.83
q 104 33 -7.82
q 104 34 -3.15
q 104 35 -15.46
q 104 36 -16.46
q 104 37 -19.26
q 104 38 -15.91
q 104 39 -9.07
q 105 0 49
q 105 1 59.23
q 105 2 64.01
q 105 3 75.73
q 105 4 31.97
q 105 5 86.06
q 105 6 69.1
q 105 7 65.85
q 105 8 93.79
q 105 9 99.13
q 105 10 86.89
q 105 11 32.36
q 105 12 72.04
q 105 13 70.89
q 105 14 35.17
q 105 15 76.87
q 105 16 73.01
q 105 17 34.55
q 105 18 92.31
q 105 19 82.34
q 105 20 -2.56
q 105 21 -12.15
q 105 22 -10.89
q 105 23 -0.47
q 105 24 -6.79
q 105 25 -13.72
q 105 26 -3.99
q 105 27 -2.18
q 105 28 -17.72
q 105 29 -11.75
q 105 30 -12.62
q 105 31 -8.14
q 105 32 -16.04
q 105 33 -13.83
q 105 34 -15.9
q 105 35 -5.34
q 105 36 -1.41
q 105 37 -17.03
q 105 38 -9.19
q 105 39 -5.28
q 106 0 53.35
q 106 1 80.37
q 106 2 98.73
q 106 3 23.23
q 106 4 91.41
q 106 5 77.45
q 106 6 27.39
q 106 7 35.2
q 106 8 53.8
q 106 9 54.7
q 106 10 45.81
q 106 11 36.04
q 106 12 55.93
q 106 13 54.98
q 106 14 79.46
q 106 15 93.86
q 106 16 32.82
q 106 17 87.41
q 106 18 70.54
q 106 19 40.51
q 106 20 -4.37
q 106 21 -16.75
q 106 22 -15.55
q 106 23 -13.16
q 106 24 -9.97
q 106 25 -13.21
q 106 26 -17.17
q 106 27 -6.4
q 106 28 -14.4
q 106 29 -8.94
q 106 30 -10.13
q 106 31 -17.08
q 106 32 -7.7
q 106 33 -7.46
q 106 34 -14.53
q 106 35 -10.33
q 106 36 -12.75
q 106 37 -6.88
q 106 38 -3.48
q 106 39 -11.76
q 107 0 68.48
q 107 1 81.78
q 107 2 87.35
q 107 3 22.61
q 107 4 72.49
q 107 5 32.44
q 107 6 33.94
q 107 7 95.04
q 107 8 84.72
q 107 9 86.8
q 107 10 49
q 107 11 68.95
q 107 12 39.16
q 107 13 64.74
q 107 14 96.82
q 107 15 36.95
q 107 16 81.59
q 107 17 92.13
q 107 18 24.68
q 107 19 31.35
q 107 20 -8.33
q 107 21 -15.91
q 107 22 -10.29
q 107 23 -16.75
q 107 24 -7.75
q 107 25 -3.71
q 107 26 -10.44
q 107 27 -2.36
q 107 28 -18.01
q 107 29 -17.85
q 107 30 -8.94
q 107 31 -5.67
q 107 32 -11.64
q 107 33 -3.24
q 107 34 -14.08
q 107 35 -19.48
q 107 36 -15.82
q 107 37 -1.73
q 107 38 -13.99
q 107 39 -5.16
q 108 0 52.45
q 108 1 35.99
q 108 2 32.98
q 108 3 97.56
q 108 4 42.83
q 108 5 45.04
q 108 6 52.57
q 108 7 46.83
q 108 8 21.38
q 108 9 92.14
q 108 10 62.89
q 108 11 62.41
q 108 12 50.91
q 108 13 51.11
q 108 14 23.07
q 108 15 56.66
q 108 16 92.89
q 108 17 26.99
q 108 18 73.76
q 108 19 68.16
q 108 20 -2.71
q 108 21 -1.12
q 108 22 -16.05
q 108 23 -3.61
q 108 24 -11.83
q 108 25 -11.72
q 108 26 -2.05
q 108 27 -5.85
q 108 28 -9.02
q 108 29 -6.45
q 108 30 -0.74
q 108 31 -16.53
q 108 32 -14.99
q 108 33 -11.95
q 108 34 -18.58
q 108 35 -4.16
q 108 36 -18.94
q 108 37 -7.01
q 108 38 -8.1
q 108 39 -13.99
q 109 0 25.47
q 109 1 84.63
q 109 2 40.51
q 109 3 95.57
q 109 4 75.75
q 109 5 76.17
q 109 6 50.43
q 109 7 45.84
q 109 8 92.54
q 109 9 24.34
q 109 10 35.73
q 109 11 59.15
q 109 12 33.45
q 109 13 28.31
q 109 14 32.77
q 109 15 20.98
q 109 16 45.18
q 109 17 95.89
q 109 18 80.28
q 109 19 76.3
q 109 20 -3.65
q 109 21 -0.72
q 109 22 -19.55
q 109 23 -10.51
q 109 24 -5.6
q 109 25 -5.58
q 109 26 -7.3
q 109 27 -10.57
q 109 28 -0.09
q 109 29 -7.29
q 109 30 -9.65
q 109 31 -3.64
q 109 32 -12.89
q 109 33 -16.24
q 109 34 -3.17
q 109 35 -5.53
q 109 36 -6.74
q 109 37 -9.47
q 109 38 -6.6
q 109 39 -7.64
q 110 0 42.25
q 110 1 85.49
q 110 2 58.45
q 110 3 44.16
q 110 4 25.85
q 110 5 99.13
q 110 6 72.67
q 110 7 87.73
q 110 8 26.34
q 110 9 82.47
q 110 10 66.26
q 110 11 51.42
q 110 12 21.84
q 110 13 37
q 110 14 99.38
q 110 15 28.77
q 110 16 49.58
q 110 17 34.37
q 110 18 63.47
q 110 19 41.93
q 110 20 -8.32
q 110 21 -5.16
q 110 22 -11.31
q 110 23 -16.8
q 110 24 -7.19
q 110 25 -2.26
q 110 26 -14
q 110 27 -14.36
q 110 28 -4.83
q 110 29 -12.82
q 110 30 -3.81
q 110 31 -9.1
q 110 32 -7.29
q 110 33 -4.63
q 110 34 -10.37
q 110 35 -10.75
q 110 36 -7.82
q 110 37 -1.59
q 110 38 -17.47
q 110 39 -1.65
q 111 0 59.71
q 111 1 63.98
q 111 2 98.31
q 111 3 54.04
q 111 4 24
q 111 5 44.88
q 111 6 81.84
q 111 7 91.34
q 111 8 31.13
q 111 9 36.32
q 111 10 29.2
q 111 11 83.46
q 111 12 47.8
q 111 13 92.51
q 111 14 40.43
q 111 15 52.07
q 111 16 41.64
q 111 17 51.93
q 111 18 65.81
q 111 19 73.65
q 111 20 -13.24
q 111 21 -14.59
q 111 22 -1
q 111 23 -17.86
q 111 24 -16.53
q 111 25 -16.24
q 111 26 -8.89
q 111 27 -1.39
q 111 28 -12.43
q 111 29 -11.12
q 111 30 -10.74
q 111 31 -6.3
q 111 32 -19.36
q 111 33 -3.45
q 111 34 -16.9
q 111 35 -7.98
q 111 36 -0.11
q 111 37 -15.43
q 111 38 -1.19
q 111 39 -1.68
q 112 0 31.42
q 112 1 39.54
q 112 2 79.18
q 112 3 87.88
q 112 4 85.52
q 112 5 97.42
q 112 6 46.48
q 112 7 25.64
q 112 8 67.58
q 112 9 98.75
q 112 10 66.03
q 112 11 87.92
q 112 12 34.15
q 112 13 70.41
q 112 14 74.76
q 112 15 69.29
q 112 16 32.16
q 112 17 25.32
q 112 18 91.23
q 112 19 26.39
q 112 20 -11.79
q 112 21 -10.68
q 112 22 -11.7
q 112 23 -18.86
q 112 24 -0.54
q 112 25 -4.02
q 112 26 -13.39
q 112 27 -12.61
q 112 28 -12.3
q 112 29 -15.18
q 112 30 -12.25
q 112 31 -4.09
q 112 32 -4.57
q 112 33 -11.09
q 112 34 -8.66
q 112 35 -3.71
q 112 36 -17.15
q 112 37 -19.15
q 112 38 -18.61
q 112 39 -3.83
q 113 0 21.82
q 113 1 59.51
q 113 2 68.9
q 113 3 96.69
q 113 4 85.22
q 113 5 36.68
q 113 6 85.82
q 113 7 77.05
q 113 8 42.09
q 113 9 40.52
q 113 10 98.79
q 113 11 71.52
q 113 12 37.12
q 113 13 60.27
q 113 14 77.72
q 113 15 37.61
q 113 16 89.44
q 113 17 86.2
q 113 18 81.31
q 113 19 77.9
q 113 20 -7.45
q 113 21 -9.02
q 113 22 -4.37
q 113 23 -16.84
q 113 24 -17.6
q 113 25 -8.48
q 113 26 -14.45
q 113 27 -4.39
q 113 28 -0.34
q 113 29 -11.92
q 113 30 -18.86
q 113 31 -14.43
q 113 32 -5
q 113 33 -9.61
q 113 34 -6.34
q 113 35 -12.73
q 113 36 -7.01
q 113 37 -9.9
q 113 38 -10.37
q 113 39 -1
q 114 0 72.46
q 114 1 49.73
q 114 2 66.86
q 114 3 47
q 114 4 95.22
q 114 5 68.45
q 114 6 29.61
q 114 7 32.09
q 114 8 85.11
q 114 9 72.05
q 114 10 62.29
q 114 11 49.6
q 114 12 53.27
q 114 13 55.34
q 114 14 89.29
q 114 15 42.17
q 114 16 30.13
q 114 17 93.85
q 114 18 77.33
q 114 19 53.35
q 114 20 -8.3
q 114 21 -11.04
q 114 22 -1.15
q 114 23 -14.01
q 114 24 -3.08
q 114 25 -9.07
q 114 26 -18.54
q 114 27 -10.93
q 114 28 -6.3
q 114 29 -4.88
q 114 30 -0.54
q 114 31 -1.59
q 114 32 -9.57
q 114 33 -6.08
q 114 34 -13.69
q 114 35 -13.72
q 114 36 -12.65
q 114 37 -6.89
q 114 38 -12.48
q 114 39 -15.19
q 115 0 70.03
q 115 1 51.97
q 115 2 84.14
q 115 3 65.26
q 115 4 44.36
q 115 5 42.16
q 115 6 25.02
q 115 7 64.56
q 115 8 85.42
q 115 9 82.83
q 115 10 36.42
q 115 11 98.88
q 115 12 64.69
q 115 13 65.27
q 115 14 94.75
q 115 15 60.44
q 115 16 94.87
q 115 17 64.69
q 115 18 41.2
q 115 19 52.51
q 115 20 -14.47
q 115 21 -4.93
q 115 22 -9.35
q 115 23 -1.62
q 115 24 -5.35
q 115 25 -13.37
q 115 26 -3.72
q 115 27 -8.88
q 115 28 -6.87
q 115 29 -8.51
q 115 30 -16.16
q 115 31 -8.71
q 115 32 -4.73
q 115 33 -8
q 115 34 -4.31
q 115 35 -17.87
q 115 36 -6.29
q 115 37 -7.74
q 115 38 -11.87
q 115 39 -5.21
q 116 0 43.93
q 116 1 91.85
q 116 2 41.69
q 116 3 80.97
q 116 4 99.76
q 116 5 33.02
q 116 6 42.02
q 116 7 77.22
q 116 8 26.81
q 116 9 61.47
q 116 10 84.35
q 116 11 85.02
q 116 12 82.39
q 116 13 20.93
q 116 14 34.32
q 116 15 45.87
q 116 16 64.11
q 116 17 57.44
q 116 18 61.63
q 116 19 61.32
q 116 20 -13.67
q 116 21 -2.53
q 116 22 -5.34
q 116 23 -0.79
q 116 24 -16.87
q 116 25 -7.03
q 116 26 -11.15
q 116 27 -16.6
q 116 28 -2.26
q 116 29 -1.38
q 116 30 -4.68
q 116 31 -2.14
q 116 32 -10.6
q 116 33 -6.33
q 116 34 -1.62
q 116 35 -13.05
q 116 36 -5.42
q 116 37 -2.1
q 116 38 -11.97
q 116 39 -8.98
q 117 0 43.36
q 117 1 48.84
q 117 2 55.8
q 117 3 33.3
q 117 4 90.9
q 117 5 52.82
q 117 6 29.1
q 117 7 53.07
q 117 8 73.5
q 117 9 24.12
q 117 10 47.39
q 117 11 45.17
q 117 12 34.98
q 117 13 82.94
q 117 14 95.4
q 117 15 45.69
q 117 16 78.88
q 117 17 74.05
q 117 18 45.96
q 117 19 86.44
q 117 20 -6.96
q 117 21 -7.55
q 117 22 -7.79
q 117 23 -1.24
q 117 24 -6.36
q 117 25 -1.35
q 117 26 -3.44
q 117 27 -5.03
q 117 28 -6.96
q 117 29 -5.45
q 117 30 -13.72
q 117 31 -8.54
q 117 32 -1.49
q 117 33 -8.9
q 117 34 -0.44
q 117 35 -15.86
q 117 36 -19.24
q 117 37 -2.1
q 117 38 -16.46
q 117 39 -16.84
q 118 0 74.88
q 118 1 23.14
q 118 2 93.05
q 118 3 40.32
q 118 4 56.78
q 118 5 21.35
q 118 6 79.44
q 118 7 64.59
q 118 8 51.98
q 118 9 97.74
q 118 10 84.11
q 118 11 51.65
q 118 12 92.03
q 118 13 40.89
q 118 14 97.45
q 118 15 29.8
q 118 16 38.96
q 118 17 56.49
q 118 18 79.48
q 118 19 66.49
q 118 20 -3.07
q 118 21 -1.2
q 118 22 -10.82
q 118 23 -9.38
q 118 24 -2.76
q 118 25 -7.62
q 118 26 -17.84
q 118 27 -2.43
q 118 28 -14.65
q 118 29 -10.3
q 118 30 -1.84
q 118 31 -7.58
q 118 32 -6.17
q 118 33 -0.03
q 118 34 -9.83
q 118 35 -7.4
q 118 36 -11.45
q 118 37 -3.93
q 118 38 -5.09
q 118 39 -17.17
q 119 0 27.39
q 119 1 47.07
q 119 2 85.38
q 119 3 63.78
q 119 4 97.79
q 119 5 67.2
q 119 6 21.83
q 119 7 60.56
q 119 8 58.05
q 119 9 95.48
q 119 10 56.76
q 119 11 60.77
q 119 12 82.71
q 119 13 28.49
q 119 14 85.45
q 119 15 73.84
q 119 16 29.73
q 119 17 38.6
q 119 18 99.09
q 119 19 58.83
q 119 20 -7.66
q 119 21 -11.98
q 119 22 -10.08
q 119 23 -7.83
q 119 24 -12.93
q 119 25 -8.31
q 119 26 -9.23
q 119 27 -19.73
q 119 28 -10.27
q 119 29 -13.5
q 119 30 -18.54
q 119 31 -14.61
q 119 32 -7.83
q 119 33 -16.35
q 119 34 -14.84
q 119 35 -15.11
q 119 36 -8.14
q 119 37 -6.03
q 119 38 -13.43
q 119 39 -3.86
q 120 0 39.42
q 120 1 43.98
q 120 2 42.63
q 120 3 90.84
q 120 4 21.4
q 120 5 94.2
q 120 6 59.95
q 120 7 76.4
q 120 8 79.52
q 120 9 99.58
q 120 10 34.28
q 120 11 20.13
q 120 12 27.64
q 120 13 66.43
q 120 14 85.51
q 120 15 28.51
q 120 16 49.59
q 120 17 27.8
q 120 18 43.95
q 120 19 58.28
q 120 20 -3.58
q 120 21 -11.05
q 120 22 -7.02
q 120 23 -5.82
q 120 24 -6.29
q 120 25 -15.64
q 120 26 -5.55
q 120 27 -5.58
q 120 28 -1.22
q 120 29 -16.06
q 120 30 -6.17
q 120 31 -4.78
q 120 32 -13.23
q 120 33 -10.88
q 120 34 -3.41
q 120 35 -1.6
q 120 36 -4.76
q 120 37 -3.87
q 120 38 -4.9
q 120 39 -3.65
q 121 0 62.63
q 121 1 23.49
q 121 2 20.43
q 121 3 39.21
q 121 4 27.21
q 121 5 28.34
q 121 6 27.6
q 121 7 36.45
q 121 8 26.45
q 121 9 81.88
q 121 10 48.22
q 121 11 50.94
q 121 12 21.55
q 121 13 61.66
q 121 14 37.67
q 121 15 23.88
q 121 16 86.53
q 121 17 56.25
q 121 18 93.05
q 121 19 98.65
q 121 20 -9.46
q 121 21 -14.28
q 121 22 -8.55
q 121 23 -16.82
q 121 24 -19.44
q 121 25 -5.73
q 121 26 -10.27
q 121 27 -15.27
q 121 28 -7.33
q 121 29 -5.64
q 121 30 -0.61
q 121 31 -11.37
q 121 32 -17.35
q 121 33 -16.69
q 121 34 -4.12
q 121 35 -19.67
q 121 36 -18.19
q 121 37 -9.77
q 121 38 -4.25
q 121 39 -15.68
q 122 0 34.24
q 122 1 62.43
q 122 2 38.41
q 122 3 60.13
q 122 4 90.75
q 122 5 65.24
q 122 6 59.18
q 122 7 86.14
q 122 8 86.32
q 122 9 52.1
q 122 10 40.57
q 122 11 89.47
q 122 12 85.63
q 122 13 97.28
q 122 14 71.04
q 122 15 53.51
q 122 16 20.29
q 122 17 25.21
q 122 18 46.85
q 122 19 53.11
q 122 20 -10.85
q 122 21 -14.26
q 122 22 -11.73
q 122 23 -0.51
q 122 24 -11.21
q 122 25 -1.9
q 122 26 -16.71
q 122 27 -14.97
q 122 28 -14.07
q 122 29 -9.96
q 122 30 -9.16
q 122 31 -16.32
q 122 32 -4.91
q 122 33 -9.87
q 122 34 -13.95
q 122 35 -5.66
q 122 36 -11.46
q 122 37 -9.03
q 122 38 -2.94
q 122 39 -9.17
q 123 0 82.11
q 123 1 36.92
q 123 2 57.06
q 123 3 39.73
q 123 4 41.42
q 123 5 21.45
q 123 6 95.78
q 123 7 21.41
q 123 8 33.06
q 123 9 50.89
q 123 10 92.42
q 123 11 80.69
q 123 12 30.44
q 123 13 35.57
q 123 14 60.09
q 123 15 96.02
q 123 16 80.68
q 123 17 54.57
q 123 18 80.82
q 123 19 43.02
q 123 20 -17.31
q 123 21 -3.63
q 123 22 -5.56
q 123 23 -11.81
q 123 24 -8.19
q 123 25 -5.71
q 123 26 -2.51
q 123 27 -12.56
q 123 28 -13.43
q 123 29 -0.03
q 123 30 -14.48
q 123 31 -6.85
q 123 32 -12.09
q 123 33 -8.91
q 123 34 -15.05
q 123 35 -19.54
q 123 36 -10.04
q 123 37 -13.56
q 123 38 -16.16
q 123 39 -12.82
q 124 0 80.24
q 124 1 79.88
q 124 2 76.58
q 124 3 62.64
q 124 4 98.93
q 124 5 63.27
q 124 6 92.42
q 124 7 35.52
q 124 8 81.9
q 124 9 79.1
q 124 10 38.11
q 124 11 68.41
q 124 12 74.78
q 124 13 99.02
q 124 14 25.11
q 124 15 24.9
q 124 16 30.94
q 124 17 65
q 124 18 64.39
q 124 19 93.56
q 124 20 -9.14
q 124 21 -16.1
q 124 22 -5.62
q 124 23 -12.55
q 124 24 -6.38
q 124 25 -12.19
q 124 26 -3.49
q 124 27 -7.9
q 124 28 -5.42
q 124 29 -12.45
q 124 30 -0.85
q 124 31 -17.04
q 124 32 -7.47
q 124 33 -11.55
q 124 34 -8.96
q 124 35 -0.8
q 124 36 -17.17
q 124 37 -6.04
q 124 38 -13.83
q 124 39 -2.57
q 125 0 64.19
q 125 1 92.61
q 125 2 98.39
q 125 3 89.04
q 125 4 82.44
q 125 5 68.13
q 125 6 86.66
q 125 7 85.21
q 125 8 82.57
q 125 9 91.67
q 125 10 23.91
q 125 11 70.85
q 125 12 94.14
q 125 13 96.87
q 125 14 32.3
q 125 15 81.81
q 125 16 26.11
q 125 17 99.61
q 125 18 43.97
q 125 19 47.48
q 125 20 -11.28
q 125 21 -0.4
q 125 22 -13.43
q 125 23 -10.8
q 125 24 -17.65
q 125 25 -0.57
q 125 26 -9.89
q 125 27 -16.88
q 125 28 -5.21
q 125 29 -15.67
q 125 30 -2.22
q 125 31 -1.18
q 125 32 -14.5
q 125 33 -12.13
q 125 34 -18.05
q 125 35 -1.38
q 125 36 -18.69
q 125 37 -16.32
q 125 38 -13.29
q 125 39 -14.84
q 126 0 59.54
q 126 1 48.64
q 126 2 99.25
q 126 3 80.02
q 126 4 49.82
q 126 5 66.4
q 126 6 29.21
q 126 7 44.22
q 126 8 88.32
q 126 9 36.21
q 126 10 65.72
q 126 11 61.5
q 126 12 29.33
q 126 13 91.3
q 126 14 38.78
q 126 15 79.29
q 126 16 79.35
q 126 17 71.7
q 126 18 49.48
q 126 19 65.29
q 126 20 -14.64
q 126 21 -18.34
q 126 22 -1.4
q 126 23 -19.55
q 126 24 -8.44
q 126 25 -1.76
q 126 26 -0.14
q 126 27 -11.97
q 126 28 -15.04
q 126 29 -4.65
q 126 30 -11.38
q 126 31 -13.92
q 126 32 -11.04
q 126 33 -2.96
q 126 34 -2.17
q 126 35 -10.97
q 126 36 -17.1
q 126 37 -5.29
q 126 38 -5.13
q 126 39 -11.59
q 127 0 87.9
q 127 1 58.51
q 127 2 51.06
q 127 3 85.31
q 127 4 72.04
q 127 5 93.62
q 127 6 51.91
q 127 7 62.05
q 127 8 36.77
q 127 9 71
q 127 10 50.51
q 127 11 75.04
q 127 12 54.43
q 127 13 67.47
q 127 14 75.5
q 127 15 59.88
q 127 16 35.94
q 127 17 93.83
q 127 18 65.68
q 127 19 23.47
q 127 20 -3.36
q 127 21 -2.07
q 127 22 -19.24
q 127 23 -6.74
q 127 24 -0.09
q 127 25 -4.71
q 127 26 -3.25
q 127 27 -3.6
q 127 28 -5.56
q 127 29 -9.75
q 127 30 -3.93
q 127 31 -3.05
q 127 32 -4.79
q 127 33 -8.57
q 127 34 -5.87
q 127 35 -9.3
q 127 36 -3.79
q 127 37 -8.83
q 127 38 -14.75
q 127 39 -9.4
q 128 0 32.08
q 128 1 57.69
q 128 2 29.66
q 128 3 26.92
q 128 4 74.17
q 128 5 47.15
q 128 6 55.77
q 128 7 85.49
q 128 8 59.51
q 128 9 79.31
q 128 10 77.92
q 128 11 54.18
q 128 12 71.35
q 128 13 40.54
q 128 14 58.18
q 128 15 77.43
q 128 16 26.48
q 128 17 69.65
q 128 18 90.93
q 128 19 22.8
q 128 20 -12.21
q 128 21 -13.43
q 128 22 -9.18
q 128 23 -3.07
q 128 24 -19.88
q 128 25 -17.17
q 128 26 -16.99
q 128 27 -17.21
q 128 28 -14.44
q 128 29 -18.65
q 128 30 -11.6
q 128 31 -7.99
q 128 32 -14.15
q 128 33 -13.3
q 128 34 -13.64
q 128 35 -4.71
q 128 36 -4.56
q 128 37 -15.15
q 128 38 -8.89
q 128 39 -8.76
q 129 0 82.53
q 129 1 33.87
q 129 2 56.23
q 129 3 63.13
q 129 4 34.15
q 129 5 36.03
q 129 6 92.97
q 129 7 83.22
q 129 8 32.71
q 129 9 66.63
q 129 10 46.44
q 129 11 39.36
q 129 12 31.64
q 129 13 52.6
q 129 14 25.84
q 129 15 99.19
q 129 16 72.46
q 129 17 76.03
q 129 18 96.88
q 129 19 32.5
q 129 20 -13.83
q 129 21 -4.2
q 129 22 -18.49
q 129 23 -5.68
q 129 24 -1.01
q 129 25 -11.75
q 129 26 -11.13
q 129 27 -4.23
q 129 28 -14.69
q 129 29 -16.11
q 129 30 -5.86
q 129 31 -13.24
q 129 32 -7.9
q 129 33 -1.53
q 129 34 -10.84
q 129 35 -9.12
q 129 36 -5.94
q 129 37 -16.71
q 129 38 -6.8
q 129 39 -16.37
