130 40
c 0 60 44
c 0 62 44
c 0 63 44
c 0 64 44
c 0 70 44
c 0 72 44
c 0 77 44
c 0 80 44
c 0 81 44
c 0 82 44
c 0 83 44
c 0 84 44
c 0 90 -5
c 0 97 -1
c 0 98 -5
c 0 105 3
c 0 113 3
c 0 115 1
c 0 116 1
c 0 125 -5
c 1 64 17
c 1 68 17
c 1 71 17
c 1 76 17
c 1 78 17
c 1 79 17
c 1 80 17
c 1 88 17
c 1 89 17
c 1 95 -26
c 1 97 -28
c 1 105 -24
c 1 110 -24
c 2 64 15
c 2 66 15
c 2 67 15
c 2 70 15
c 2 76 15
c 2 78 15
c 2 81 15
c 2 101 -26
c 2 108 -29
c 2 113 -26
c 2 114 -27
c 2 116 -28
c 2 117 -35
c 3 66 38
c 3 73 38
c 3 75 38
c 3 78 38
c 3 79 38
c 3 82 38
c 3 83 38
c 3 84 38
c 3 87 38
c 3 88 38
c 3 89 38
c 3 93 -7
c 3 94 -12
c 3 102 -5
c 3 108 -6
c 3 115 -5
c 4 60 16
c 4 62 16
c 4 63 16
c 4 68 16
c 4 70 16
c 4 74 16
c 4 75 16
c 4 77 16
c 4 82 16
c 4 84 16
c 4 86 16
c 4 88 16
c 4 89 16
c 4 91 -33
c 4 95 -27
c 4 101 -25
c 4 104 -24
c 4 107 -27
c 4 117 -34
c 4 122 -24
c 4 124 -31
c 5 61 11
c 5 63 11
c 5 64 11
c 5 70 11
c 5 72 11
c 5 73 11
c 5 75 11
c 5 78 11
c 5 79 11
c 5 80 11
c 5 85 11
c 5 87 11
c 5 89 11
c 5 91 -38
c 5 101 -30
c 5 111 -29
c 5 120 -38
c 5 125 -38
c 6 60 12
c 6 66 12
c 6 68 12
c 6 69 12
c 6 70 12
c 6 71 12
c 6 74 12
c 6 78 12
c 6 79 12
c 6 80 12
c 6 82 12
c 6 83 12
c 6 87 12
c 6 89 12
c 6 102 -31
c 6 110 -29
c 6 114 -30
c 7 66 29
c 7 67 29
c 7 68 29
c 7 69 29
c 7 73 29
c 7 77 29
c 7 81 29
c 7 84 29
c 7 87 29
c 7 88 29
c 7 89 29
c 7 95 -14
c 7 99 -17
c 7 103 -18
c 7 105 -12
c 7 108 -15
c 7 113 -12
c 7 115 -14
c 7 118 -14
c 7 121 -20
c 7 122 -11
c 8 62 33
c 8 64 33
c 8 66 33
c 8 67 33
c 8 71 33
c 8 73 33
c 8 75 33
c 8 76 33
c 8 80 33
c 8 81 33
c 8 82 33
c 8 83 33
c 8 86 33
c 8 95 -10
c 8 98 -16
c 8 110 -8
c 8 117 -17
c 8 120 -16
c 8 128 -7
c 8 129 -11
c 9 65 18
c 9 69 18
c 9 70 18
c 9 72 18
c 9 77 18
c 9 86 18
c 9 107 -25
c 9 108 -26
c 9 118 -25
c 9 120 -31
c 10 65 22
c 10 66 22
c 10 76 22
c 10 79 22
c 10 80 22
c 10 81 22
c 10 83 22
c 10 85 22
c 10 97 -23
c 10 106 -18
c 10 108 -22
c 10 121 -27
c 10 123 -24
c 11 64 41
c 11 67 41
c 11 68 41
c 11 72 41
c 11 73 41
c 11 77 41
c 11 78 41
c 11 83 41
c 11 84 41
c 11 85 41
c 11 86 41
c 11 90 -8
c 11 120 -8
c 12 60 24
c 12 68 24
c 12 74 24
c 12 75 24
c 12 77 24
c 12 81 24
c 12 83 24
c 12 86 24
c 12 89 24
c 12 97 -21
c 12 98 -25
c 12 102 -19
c 12 105 -17
c 12 126 -23
c 12 129 -20
c 13 61 14
c 13 65 14
c 13 68 14
c 13 76 14
c 13 87 14
c 13 90 -35
c 13 102 -29
c 13 105 -27
c 13 108 -30
c 13 118 -29
c 13 121 -35
c 13 127 -30
c 13 128 -26
c 14 60 29
c 14 61 29
c 14 62 29
c 14 65 29
c 14 69 29
c 14 71 29
c 14 72 29
c 14 75 29
c 14 78 29
c 14 79 29
c 14 80 29
c 14 84 29
c 14 85 29
c 14 87 29
c 14 89 29
c 14 93 -16
c 14 96 -20
c 14 100 -11
c 14 108 -15
c 14 114 -13
c 14 116 -14
c 14 117 -21
c 14 120 -20
c 14 122 -11
c 14 129 -15
c 15 60 14
c 15 62 14
c 15 68 14
c 15 70 14
c 15 75 14
c 15 76 14
c 15 78 14
c 15 79 14
c 15 86 14
c 15 88 14
c 15 99 -32
c 15 115 -29
c 15 119 -27
c 16 61 26
c 16 63 26
c 16 69 26
c 16 72 26
c 16 81 26
c 16 85 26
c 16 87 26
c 16 89 26
c 16 97 -19
c 16 100 -14
c 16 101 -15
c 16 104 -14
c 16 105 -15
c 16 110 -15
c 16 113 -15
c 16 121 -23
c 16 124 -21
c 16 126 -21
c 17 61 23
c 17 62 23
c 17 63 23
c 17 64 23
c 17 67 23
c 17 68 23
c 17 75 23
c 17 76 23
c 17 91 -26
c 17 97 -22
c 17 109 -23
c 17 112 -23
c 17 127 -21
c 18 64 20
c 18 66 20
c 18 67 20
c 18 74 20
c 18 77 20
c 18 80 20
c 18 81 20
c 18 83 20
c 18 89 20
c 18 100 -20
c 18 114 -22
c 18 117 -30
c 18 123 -26
c 18 124 -27
c 19 63 47
c 19 69 47
c 19 70 47
c 19 71 47
c 19 75 47
c 19 77 47
c 19 78 47
c 19 87 47
c 19 88 47
c 19 91 -2
c 19 113 6
c 19 127 3
c 20 65 11
c 20 67 11
c 20 68 11
c 20 70 11
c 20 71 11
c 20 73 11
c 20 75 11
c 20 76 11
c 20 77 11
c 20 78 11
c 20 82 11
c 20 83 11
c 20 86 11
c 20 88 11
c 20 91 -38
c 20 94 -39
c 20 99 -35
c 20 111 -29
c 20 115 -32
c 20 124 -36
c 20 127 -33
c 21 62 22
c 21 65 22
c 21 67 22
c 21 70 22
c 21 71 22
c 21 72 22
c 21 73 22
c 21 75 22
c 21 77 22
c 21 80 22
c 21 84 22
c 21 94 -28
c 21 101 -19
c 21 102 -21
c 21 103 -25
c 21 109 -24
c 21 112 -24
c 21 118 -21
c 21 125 -27
c 21 127 -22
c 22 61 33
c 22 63 33
c 22 67 33
c 22 70 33
c 22 73 33
c 22 75 33
c 22 77 33
c 22 79 33
c 22 82 33
c 22 84 33
c 22 88 33
c 22 99 -13
c 22 102 -10
c 22 104 -7
c 22 106 -7
c 22 109 -13
c 22 115 -10
c 23 70 15
c 23 71 15
c 23 73 15
c 23 76 15
c 23 79 15
c 23 83 15
c 23 88 15
c 23 95 -28
c 23 104 -25
c 23 105 -26
c 23 106 -25
c 23 110 -26
c 23 114 -27
c 23 117 -35
c 23 119 -26
c 23 123 -31
c 24 64 39
c 24 66 39
c 24 67 39
c 24 70 39
c 24 75 39
c 24 77 39
c 24 80 39
c 24 85 39
c 24 88 39
c 24 97 -6
c 24 103 -8
c 24 109 -7
c 24 113 -2
c 24 118 -4
c 24 121 -10
c 25 60 20
c 25 62 20
c 25 66 20
c 25 71 20
c 25 74 20
c 25 76 20
c 25 84 20
c 25 87 20
c 25 90 -29
c 25 113 -21
c 25 114 -22
c 25 118 -23
c 25 123 -26
c 26 60 37
c 26 64 37
c 26 66 37
c 26 70 37
c 26 72 37
c 26 75 37
c 26 77 37
c 26 81 37
c 26 82 37
c 26 83 37
c 26 84 37
c 26 86 37
c 26 87 37
c 26 89 37
c 26 91 -12
c 26 106 -3
c 26 112 -9
c 26 129 -7
c 27 60 21
c 27 62 21
c 27 63 21
c 27 66 21
c 27 67 21
c 27 70 21
c 27 71 21
c 27 75 21
c 27 79 21
c 27 81 21
c 27 89 21
c 27 90 -28
c 27 93 -24
c 27 97 -24
c 27 98 -28
c 27 114 -21
c 27 115 -22
c 27 124 -26
c 28 61 10
c 28 63 10
c 28 69 10
c 28 73 10
c 28 74 10
c 28 78 10
c 28 80 10
c 28 83 10
c 28 86 10
c 28 87 10
c 28 88 10
c 28 90 -39
c 28 92 -30
c 28 102 -33
c 28 103 -37
c 28 112 -36
c 28 119 -31
c 29 62 44
c 29 66 44
c 29 67 44
c 29 68 44
c 29 69 44
c 29 72 44
c 29 73 44
c 29 80 44
c 29 82 44
c 29 84 44
c 29 85 44
c 29 86 44
c 29 88 44
c 29 89 44
c 29 94 -6
c 29 109 -2
c 29 114 2
c 29 115 1
c 29 116 1
c 29 123 -2
c 30 68 40
c 30 71 40
c 30 73 40
c 30 77 40
c 30 80 40
c 30 84 40
c 30 86 40
c 30 88 40
c 30 97 -5
c 30 98 -9
c 30 105 -1
c 30 108 -4
c 30 113 -1
c 30 117 -10
c 31 60 46
c 31 62 46
c 31 64 46
c 31 65 46
c 31 67 46
c 31 69 46
c 31 73 46
c 31 74 46
c 31 76 46
c 31 81 46
c 31 82 46
c 31 83 46
c 31 87 46
c 31 89 46
c 31 92 6
c 31 93 1
c 31 98 -3
c 31 126 -1
c 32 63 24
c 32 72 24
c 32 73 24
c 32 74 24
c 32 76 24
c 32 78 24
c 32 79 24
c 32 82 24
c 32 87 24
c 32 88 24
c 32 90 -25
c 32 91 -25
c 32 92 -16
c 32 112 -22
c 32 116 -19
c 32 127 -20
c 33 60 42
c 33 63 42
c 33 65 42
c 33 69 42
c 33 77 42
c 33 79 42
c 33 80 42
c 33 82 42
c 33 83 42
c 33 84 42
c 33 85 42
c 33 87 42
c 33 88 42
c 33 89 42
c 33 90 -7
c 33 94 -8
c 33 100 2
c 33 110 1
c 33 113 1
c 33 116 -1
c 33 120 -7
c 33 127 -2
c 34 60 20
c 34 68 20
c 34 75 20
c 34 77 20
c 34 78 20
c 34 79 20
c 34 80 20
c 34 82 20
c 34 89 20
c 34 92 -20
c 34 95 -23
c 34 96 -29
c 34 98 -29
c 34 101 -21
c 34 106 -20
c 34 115 -23
c 34 121 -29
c 34 123 -26
c 34 125 -29
c 35 65 11
c 35 75 11
c 35 78 11
c 35 80 11
c 35 83 11
c 35 84 11
c 35 85 11
c 35 88 11
c 35 89 11
c 35 90 -38
c 35 92 -29
c 35 93 -34
c 35 96 -38
c 35 101 -30
c 35 108 -33
c 35 113 -30
c 35 121 -38
c 35 126 -36
c 36 61 40
c 36 62 40
c 36 65 40
c 36 67 40
c 36 68 40
c 36 72 40
c 36 73 40
c 36 74 40
c 36 75 40
c 36 76 40
c 36 79 40
c 36 84 40
c 36 90 -9
c 36 93 -5
c 36 95 -3
c 36 118 -3
c 36 120 -9
c 36 126 -7
c 37 63 24
c 37 64 24
c 37 66 24
c 37 69 24
c 37 73 24
c 37 76 24
c 37 84 24
c 37 86 24
c 37 87 24
c 37 88 24
c 37 90 -25
c 37 100 -16
c 37 104 -16
c 37 105 -17
c 37 106 -16
c 37 107 -19
c 37 108 -20
c 37 109 -22
c 37 111 -16
c 37 115 -19
c 38 61 15
c 38 62 15
c 38 64 15
c 38 65 15
c 38 67 15
c 38 70 15
c 38 72 15
c 38 76 15
c 38 77 15
c 38 81 15
c 38 84 15
c 38 89 15
c 38 96 -34
c 38 116 -28
c 38 121 -34
c 39 60 32
c 39 61 32
c 39 66 32
c 39 71 32
c 39 73 32
c 39 75 32
c 39 76 32
c 39 83 32
c 39 88 32
c 39 89 32
c 39 97 -13
c 39 102 -11
c 39 106 -8
c 39 110 -9
c 40 62 46
c 40 63 46
c 40 65 46
c 40 68 46
c 40 75 46
c 40 77 46
c 40 79 46
c 40 80 46
c 40 81 46
c 40 84 46
c 40 89 46
c 40 91 -3
c 40 101 5
c 40 103 -1
c 40 121 -3
c 40 122 6
c 40 126 -1
c 41 65 49
c 41 67 49
c 41 73 49
c 41 77 49
c 41 79 49
c 41 82 49
c 41 83 49
c 41 85 49
c 41 86 49
c 41 87 49
c 41 89 49
c 41 99 3
c 41 101 8
c 41 111 9
c 41 113 8
c 41 114 7
c 41 118 6
c 41 122 9
c 42 60 46
c 42 63 46
c 42 65 46
c 42 68 46
c 42 71 46
c 42 72 46
c 42 75 46
c 42 80 46
c 42 81 46
c 42 84 46
c 42 86 46
c 42 87 46
c 42 88 46
c 42 89 46
c 42 96 -3
c 42 105 5
c 42 106 6
c 42 111 6
c 42 114 4
c 42 125 -3
c 42 128 6
c 43 60 33
c 43 62 33
c 43 63 33
c 43 66 33
c 43 73 33
c 43 74 33
c 43 78 33
c 43 80 33
c 43 84 33
c 43 88 33
c 43 97 -12
c 43 100 -7
c 43 108 -11
c 43 109 -13
c 43 119 -8
c 43 126 -14
c 43 128 -7
c 44 60 36
c 44 61 36
c 44 63 36
c 44 67 36
c 44 71 36
c 44 75 36
c 44 76 36
c 44 85 36
c 44 89 36
c 44 91 -13
c 44 112 -10
c 44 113 -5
c 44 120 -13
c 44 122 -4
c 44 123 -10
c 45 60 27
c 45 61 27
c 45 62 27
c 45 64 27
c 45 65 27
c 45 70 27
c 45 71 27
c 45 72 27
c 45 74 27
c 45 75 27
c 45 79 27
c 45 80 27
c 45 82 27
c 45 85 27
c 45 88 27
c 45 89 27
c 45 94 -23
c 45 96 -22
c 45 99 -19
c 45 103 -20
c 45 104 -13
c 45 111 -13
c 45 115 -16
c 45 119 -14
c 45 121 -22
c 45 124 -20
c 46 67 28
c 46 68 28
c 46 72 28
c 46 81 28
c 46 82 28
c 46 83 28
c 46 84 28
c 46 87 28
c 46 93 -17
c 46 96 -21
c 46 106 -12
c 46 112 -18
c 46 113 -13
c 46 121 -21
c 46 124 -19
c 46 125 -21
c 46 129 -16
c 47 64 36
c 47 65 36
c 47 66 36
c 47 67 36
c 47 68 36
c 47 74 36
c 47 76 36
c 47 80 36
c 47 81 36
c 47 82 36
c 47 85 36
c 47 86 36
c 47 87 36
c 47 97 -9
c 47 100 -4
c 47 106 -4
c 47 117 -14
c 47 120 -13
c 47 127 -8
c 48 60 31
c 48 62 31
c 48 63 31
c 48 65 31
c 48 66 31
c 48 67 31
c 48 74 31
c 48 77 31
c 48 78 31
c 48 79 31
c 48 83 31
c 48 84 31
c 48 89 31
c 48 90 -18
c 48 99 -15
c 48 110 -10
c 48 118 -12
c 48 121 -18
c 48 124 -16
c 49 60 27
c 49 63 27
c 49 65 27
c 49 73 27
c 49 74 27
c 49 77 27
c 49 78 27
c 49 79 27
c 49 82 27
c 49 84 27
c 49 86 27
c 49 87 27
c 49 88 27
c 49 93 -18
c 49 95 -16
c 49 112 -19
c 49 128 -13
c 50 60 20
c 50 61 20
c 50 63 20
c 50 64 20
c 50 68 20
c 50 69 20
c 50 71 20
c 50 76 20
c 50 78 20
c 50 80 20
c 50 82 20
c 50 89 20
c 50 91 -29
c 50 101 -21
c 50 105 -21
c 50 107 -23
c 50 108 -24
c 50 109 -26
c 50 115 -23
c 50 126 -27
c 51 65 13
c 51 74 13
c 51 76 13
c 51 80 13
c 51 82 13
c 51 84 13
c 51 88 13
c 51 89 13
c 51 101 -28
c 51 103 -34
c 51 107 -30
c 51 125 -36
c 51 127 -31
c 52 61 43
c 52 62 43
c 52 65 43
c 52 68 43
c 52 70 43
c 52 78 43
c 52 84 43
c 52 87 43
c 52 97 -2
c 52 100 3
c 52 108 -1
c 52 111 3
c 52 113 2
c 52 124 -4
c 52 128 3
c 52 129 -1
c 53 66 26
c 53 68 26
c 53 74 26
c 53 75 26
c 53 77 26
c 53 78 26
c 53 84 26
c 53 85 26
c 53 88 26
c 53 95 -17
c 53 98 -23
c 53 115 -17
c 53 117 -24
c 53 120 -23
c 53 124 -21
c 54 63 50
c 54 64 50
c 54 66 50
c 54 69 50
c 54 72 50
c 54 74 50
c 54 75 50
c 54 77 50
c 54 80 50
c 54 81 50
c 54 87 50
c 54 93 5
c 54 100 10
c 54 103 3
c 54 107 7
c 54 109 4
c 54 112 4
c 54 115 7
c 54 122 10
c 55 60 42
c 55 61 42
c 55 65 42
c 55 66 42
c 55 70 42
c 55 72 42
c 55 77 42
c 55 82 42
c 55 84 42
c 55 88 42
c 55 91 -7
c 55 95 -1
c 55 99 -4
c 55 104 2
c 55 116 -1
c 55 123 -4
c 55 124 -5
c 56 60 43
c 56 62 43
c 56 72 43
c 56 76 43
c 56 79 43
c 56 80 43
c 56 81 43
c 56 85 43
c 56 87 43
c 56 88 43
c 56 90 -6
c 56 98 -6
c 56 99 -3
c 56 100 3
c 56 117 -7
c 56 124 -4
c 57 61 27
c 57 65 27
c 57 69 27
c 57 70 27
c 57 75 27
c 57 76 27
c 57 78 27
c 57 80 27
c 57 81 27
c 57 86 27
c 57 88 27
c 57 89 27
c 57 91 -22
c 57 95 -16
c 57 96 -22
c 57 104 -13
c 57 106 -13
c 57 108 -17
c 57 120 -22
c 58 62 10
c 58 63 10
c 58 64 10
c 58 65 10
c 58 68 10
c 58 69 10
c 58 70 10
c 58 72 10
c 58 75 10
c 58 77 10
c 58 78 10
c 58 81 10
c 58 98 -39
c 58 115 -33
c 58 116 -33
c 58 128 -30
c 59 64 36
c 59 68 36
c 59 69 36
c 59 70 36
c 59 71 36
c 59 78 36
c 59 81 36
c 59 84 36
c 59 86 36
c 59 87 36
c 59 96 -13
c 59 98 -13
c 59 99 -10
c 59 100 -4
c 59 106 -4
c 59 108 -8
c 59 118 -7
c 59 124 -11
c 60 90 -49
c 60 93 -45
c 60 96 -49
c 60 98 -49
c 60 107 -43
c 60 109 -46
c 60 111 -40
c 60 116 -43
c 60 117 -50
c 60 119 -41
c 60 124 -47
c 60 127 -44
c 61 92 -40
c 61 93 -45
c 61 94 -50
c 61 98 -49
c 61 100 -40
c 61 104 -40
c 61 109 -46
c 61 113 -41
c 61 114 -42
c 61 115 -43
c 61 119 -41
c 61 125 -49
c 61 127 -44
c 61 128 -40
c 62 92 -40
c 62 95 -43
c 62 96 -49
c 62 105 -41
c 62 106 -40
c 62 111 -40
c 62 113 -41
c 62 114 -42
c 62 118 -43
c 62 120 -49
c 62 122 -40
c 62 123 -46
c 62 124 -47
c 62 129 -44
c 63 95 -43
c 63 96 -49
c 63 97 -45
c 63 98 -49
c 63 99 -46
c 63 102 -43
c 63 103 -47
c 63 104 -40
c 63 105 -41
c 63 107 -43
c 63 109 -46
c 63 112 -46
c 63 114 -42
c 63 115 -43
c 63 116 -43
c 63 119 -41
c 63 122 -40
c 63 123 -46
c 63 126 -47
c 63 129 -44
c 64 93 -45
c 64 95 -43
c 64 97 -45
c 64 105 -41
c 64 106 -40
c 64 109 -46
c 64 110 -41
c 64 112 -46
c 64 115 -43
c 64 118 -43
c 64 119 -41
c 64 120 -49
c 64 125 -49
c 64 129 -44
c 65 93 -45
c 65 95 -43
c 65 99 -46
c 65 100 -40
c 65 103 -47
c 65 110 -41
c 65 117 -50
c 65 118 -43
c 65 122 -40
c 65 127 -44
c 65 129 -44
c 66 90 -49
c 66 93 -45
c 66 95 -43
c 66 96 -49
c 66 97 -45
c 66 100 -40
c 66 103 -47
c 66 107 -43
c 66 119 -41
c 66 125 -49
c 66 128 -40
c 66 129 -44
c 67 95 -43
c 67 97 -45
c 67 98 -49
c 67 101 -41
c 67 105 -41
c 67 108 -44
c 67 112 -46
c 67 113 -41
c 67 115 -43
c 67 116 -43
c 67 117 -50
c 67 121 -49
c 67 124 -47
c 67 125 -49
c 67 129 -44
c 68 90 -49
c 68 91 -49
c 68 92 -40
c 68 94 -50
c 68 96 -49
c 68 97 -45
c 68 99 -46
c 68 102 -43
c 68 106 -40
c 68 107 -43
c 68 111 -40
c 68 114 -42
c 68 118 -43
c 68 119 -41
c 68 124 -47
c 68 126 -47
c 69 90 -49
c 69 96 -49
c 69 98 -49
c 69 101 -41
c 69 103 -47
c 69 105 -41
c 69 114 -42
c 69 115 -43
c 69 116 -43
c 69 123 -46
c 69 124 -47
c 69 127 -44
c 70 95 -43
c 70 97 -45
c 70 99 -46
c 70 102 -43
c 70 105 -41
c 70 113 -41
c 70 118 -43
c 70 119 -41
c 70 122 -40
c 70 127 -44
c 70 128 -40
c 70 129 -44
c 71 93 -45
c 71 94 -50
c 71 96 -49
c 71 99 -46
c 71 102 -43
c 71 106 -40
c 71 108 -44
c 71 109 -46
c 71 112 -46
c 71 113 -41
c 71 119 -41
c 71 121 -49
c 71 123 -46
c 71 124 -47
c 71 128 -40
c 72 90 -49
c 72 91 -49
c 72 92 -40
c 72 93 -45
c 72 98 -49
c 72 99 -46
c 72 101 -41
c 72 103 -47
c 72 108 -44
c 72 111 -40
c 72 115 -43
c 72 117 -50
c 72 122 -40
c 72 123 -46
c 72 125 -49
c 72 126 -47
c 73 93 -45
c 73 100 -40
c 73 103 -47
c 73 105 -41
c 73 106 -40
c 73 107 -43
c 73 109 -46
c 73 113 -41
c 73 114 -42
c 73 115 -43
c 74 92 -40
c 74 100 -40
c 74 101 -41
c 74 102 -43
c 74 105 -41
c 74 106 -40
c 74 107 -43
c 74 108 -44
c 74 109 -46
c 74 114 -42
c 74 115 -43
c 74 117 -50
c 74 121 -49
c 74 123 -46
c 74 125 -49
c 74 127 -44
c 75 90 -49
c 75 91 -49
c 75 92 -40
c 75 94 -50
c 75 96 -49
c 75 100 -40
c 75 101 -41
c 75 103 -47
c 75 108 -44
c 75 112 -46
c 75 116 -43
c 75 118 -43
c 75 119 -41
c 75 123 -46
c 75 125 -49
c 76 91 -49
c 76 92 -40
c 76 93 -45
c 76 99 -46
c 76 106 -40
c 76 117 -50
c 76 121 -49
c 76 122 -40
c 76 124 -47
c 76 127 -44
c 77 95 -43
c 77 98 -49
c 77 107 -43
c 77 108 -44
c 77 112 -46
c 77 115 -43
c 77 118 -43
c 77 120 -49
c 77 125 -49
c 77 128 -40
c 78 90 -49
c 78 91 -49
c 78 95 -43
c 78 99 -46
c 78 100 -40
c 78 102 -43
c 78 104 -40
c 78 109 -46
c 78 114 -42
c 78 117 -50
c 78 121 -49
c 78 122 -40
c 78 126 -47
c 78 129 -44
c 79 90 -49
c 79 92 -40
c 79 94 -50
c 79 96 -49
c 79 105 -41
c 79 106 -40
c 79 109 -46
c 79 112 -46
c 79 113 -41
c 79 114 -42
c 79 116 -43
c 79 117 -50
c 79 118 -43
c 79 119 -41
c 79 121 -49
c 79 123 -46
c 79 125 -49
c 79 127 -44
c 80 93 -45
c 80 95 -43
c 80 96 -49
c 80 105 -41
c 80 107 -43
c 80 108 -44
c 80 113 -41
c 80 115 -43
c 80 116 -43
c 80 124 -47
c 80 127 -44
c 81 90 -49
c 81 91 -49
c 81 92 -40
c 81 93 -45
c 81 94 -50
c 81 95 -43
c 81 97 -45
c 81 98 -49
c 81 100 -40
c 81 102 -43
c 81 104 -40
c 81 106 -40
c 81 107 -43
c 81 111 -40
c 81 112 -46
c 81 113 -41
c 81 115 -43
c 81 117 -50
c 81 119 -41
c 81 120 -49
c 81 121 -49
c 81 129 -44
c 82 90 -49
c 82 93 -45
c 82 96 -49
c 82 97 -45
c 82 101 -41
c 82 103 -47
c 82 104 -40
c 82 108 -44
c 82 109 -46
c 82 110 -41
c 82 111 -40
c 82 113 -41
c 82 116 -43
c 82 118 -43
c 82 119 -41
c 82 124 -47
c 83 90 -49
c 83 92 -40
c 83 98 -49
c 83 101 -41
c 83 104 -40
c 83 105 -41
c 83 106 -40
c 83 111 -40
c 83 113 -41
c 83 115 -43
c 83 117 -50
c 83 125 -49
c 83 128 -40
c 84 92 -40
c 84 95 -43
c 84 97 -45
c 84 98 -49
c 84 99 -46
c 84 102 -43
c 84 103 -47
c 84 104 -40
c 84 106 -40
c 84 107 -43
c 84 110 -41
c 84 113 -41
c 84 114 -42
c 84 117 -50
c 84 119 -41
c 84 120 -49
c 84 126 -47
c 84 127 -44
c 84 129 -44
c 85 92 -40
c 85 93 -45
c 85 95 -43
c 85 97 -45
c 85 98 -49
c 85 102 -43
c 85 106 -40
c 85 107 -43
c 85 108 -44
c 85 109 -46
c 85 111 -40
c 85 112 -46
c 85 113 -41
c 85 121 -49
c 85 127 -44
c 85 128 -40
c 86 90 -49
c 86 92 -40
c 86 96 -49
c 86 97 -45
c 86 98 -49
c 86 108 -44
c 86 109 -46
c 86 111 -40
c 86 112 -46
c 86 114 -42
c 86 115 -43
c 86 116 -43
c 86 122 -40
c 86 128 -40
c 86 129 -44
c 87 91 -49
c 87 92 -40
c 87 94 -50
c 87 96 -49
c 87 98 -49
c 87 100 -40
c 87 109 -46
c 87 110 -41
c 87 111 -40
c 87 114 -42
c 87 118 -43
c 87 126 -47
c 87 127 -44
c 88 96 -49
c 88 101 -41
c 88 105 -41
c 88 106 -40
c 88 108 -44
c 88 109 -46
c 88 112 -46
c 88 115 -43
c 88 118 -43
c 88 121 -49
c 88 122 -40
c 88 126 -47
c 89 92 -40
c 89 93 -45
c 89 94 -50
c 89 96 -49
c 89 98 -49
c 89 99 -46
c 89 103 -47
c 89 105 -41
c 89 106 -40
c 89 108 -44
c 89 111 -40
c 89 115 -43
c 89 118 -43
c 89 121 -49
c 89 123 -46
c 89 125 -49
bu 0 100
bu 1 231
bu 2 44
bu 3 7
bu 4 204
bu 5 236
bu 6 6
bu 7 72
bu 8 297
bu 9 153
bu 10 92
bu 11 11
bu 12 28
bu 13 228
bu 14 155
bu 15 274
bu 16 276
bu 17 124
bu 18 6
bu 19 197
bu 20 118
bu 21 33
bu 22 129
bu 23 152
bu 24 185
bu 25 125
bu 26 282
bu 27 127
bu 28 118
bu 29 162
bu 30 92
bu 31 18
bu 32 131
bu 33 178
bu 34 258
bu 35 84
bu 36 245
bu 37 289
bu 38 259
bu 39 237
bu 40 184
bu 41 212
bu 42 235
bu 43 267
bu 44 132
bu 45 64
bu 46 107
bu 47 82
bu 48 209
bu 49 112
bu 50 20
bu 51 32
bu 52 103
bu 53 128
bu 54 252
bu 55 296
bu 56 112
bu 57 92
bu 58 233
bu 59 139
bu 60 184
bu 61 144
bu 62 101
bu 63 103
bu 64 63
bu 65 64
bu 66 75
bu 67 135
bu 68 138
bu 69 152
bu 70 145
bu 71 75
bu 72 179
bu 73 148
bu 74 108
bu 75 62
bu 76 194
bu 77 62
bu 78 108
bu 79 137
bu 80 169
bu 81 154
bu 82 121
bu 83 181
bu 84 154
bu 85 141
bu 86 127
bu 87 175
bu 88 95
bu 89 96
bu 90 136
bu 91 189
bu 92 141
bu 93 167
bu 94 130
bu 95 162
bu 96 295
bu 97 225
bu 98 121
bu 99 134
bu 100 174
bu 101 27
bu 102 66
bu 103 267
bu 104 105
bu 105 224
bu 106 75
bu 107 204
bu 108 73
bu 109 217
bu 110 197
bu 111 217
bu 112 198
bu 113 221
bu 114 147
bu 115 248
bu 116 154
bu 117 153
bu 118 103
bu 119 253
bu 120 232
bu 121 202
bu 122 43
bu 123 276
bu 124 282
bu 125 72
bu 126 24
bu 127 123
bu 128 237
bu 129 295
q 0 0 4.9
q 0 1 49.75
q 0 2 54.3
q 0 3 48.79
q 0 4 78.58
q 0 5 49.22
q 0 6 14.74
q 0 7 47.89
q 0 8 54.24
q 0 9 12.69
q 0 10 43.55
q 0 11 51.02
q 0 12 29.33
q 0 13 3.01
q 0 14 39.87
q 0 15 62.42
q 0 16 18.7
q 0 17 47.78
q 0 18 15.81
q 0 19 10.32
q 0 20 -4.9
q 0 21 -49.75
q 0 22 -54.3
q 0 23 -48.79
q 0 24 -78.58
q 0 25 -49.22
q 0 26 -14.74
q 0 27 -47.89
q 0 28 -54.24
q 0 29 -12.69
q 0 30 -43.55
q 0 31 -51.02
q 0 32 -29.33
q 0 33 -3.01
q 0 34 -39.87
q 0 35 -62.42
q 0 36 -18.7
q 0 37 -47.78
q 0 38 -15.81
q 0 39 -10.32
q 1 0 39.24
q 1 1 28.59
q 1 2 15.76
q 1 3 45.11
q 1 4 64.76
q 1 5 18.56
q 1 6 7.06
q 1 7 65.13
q 1 8 63.44
q 1 9 76.72
q 1 10 17.65
q 1 11 73.89
q 1 12 14.27
q 1 13 64.2
q 1 14 61.08
q 1 15 15.43
q 1 16 10.86
q 1 17 63.41
q 1 18 26.66
q 1 19 34.47
q 1 20 -39.24
q 1 21 -28.59
q 1 22 -15.76
q 1 23 -45.11
q 1 24 -64.76
q 1 25 -18.56
q 1 26 -7.06
q 1 27 -65.13
q 1 28 -63.44
q 1 29 -76.72
q 1 30 -17.65
q 1 31 -73.89
q 1 32 -14.27
q 1 33 -64.2
q 1 34 -61.08
q 1 35 -15.43
q 1 36 -10.86
q 1 37 -63.41
q 1 38 -26.66
q 1 39 -34.47
q 2 0 0.87
q 2 1 40.52
q 2 2 25.63
q 2 3 37.04
q 2 4 64.83
q 2 5 57.57
q 2 6 48.07
q 2 7 65.91
q 2 8 20.73
q 2 9 57.74
q 2 10 35.49
q 2 11 7.86
q 2 12 30.96
q 2 13 3.32
q 2 14 38.59
q 2 15 39.81
q 2 16 70.26
q 2 17 6.72
q 2 18 55.93
q 2 19 55.17
q 2 20 -0.87
q 2 21 -40.52
q 2 22 -25.63
q 2 23 -37.04
q 2 24 -64.83
q 2 25 -57.57
q 2 26 -48.07
q 2 27 -65.91
q 2 28 -20.73
q 2 29 -57.74
q 2 30 -35.49
q 2 31 -7.86
q 2 32 -30.96
q 2 33 -3.32
q 2 34 -38.59
q 2 35 -39.81
q 2 36 -70.26
q 2 37 -6.72
q 2 38 -55.93
q 2 39 -55.17
q 3 0 19.91
q 3 1 30.87
q 3 2 38.76
q 3 3 16.11
q 3 4 61.32
q 3 5 75.42
q 3 6 18.47
q 3 7 50.98
q 3 8 56.7
q 3 9 21.22
q 3 10 21.48
q 3 11 47.57
q 3 12 34.97
q 3 13 30.14
q 3 14 52.12
q 3 15 23.63
q 3 16 4.97
q 3 17 4.01
q 3 18 54.83
q 3 19 17.39
q 3 20 -19.91
q 3 21 -30.87
q 3 22 -38.76
q 3 23 -16.11
q 3 24 -61.32
q 3 25 -75.42
q 3 26 -18.47
q 3 27 -50.98
q 3 28 -56.7
q 3 29 -21.22
q 3 30 -21.48
q 3 31 -47.57
q 3 32 -34.97
q 3 33 -30.14
q 3 34 -52.12
q 3 35 -23.63
q 3 36 -4.97
q 3 37 -4.01
q 3 38 -54.83
q 3 39 -17.39
q 4 0 37.62
q 4 1 70.82
q 4 2 56.52
q 4 3 16.59
q 4 4 63.65
q 4 5 63.65
q 4 6 37.24
q 4 7 68.41
q 4 8 18.71
q 4 9 47.6
q 4 10 19.55
q 4 11 11.37
q 4 12 35.16
q 4 13 28.3
q 4 14 15.11
q 4 15 19.66
q 4 16 57.29
q 4 17 25.72
q 4 18 10.54
q 4 19 59.56
q 4 20 -37.62
q 4 21 -70.82
q 4 22 -56.52
q 4 23 -16.59
q 4 24 -63.65
q 4 25 -63.65
q 4 26 -37.24
q 4 27 -68.41
q 4 28 -18.71
q 4 29 -47.6
q 4 30 -19.55
q 4 31 -11.37
q 4 32 -35.16
q 4 33 -28.3
q 4 34 -15.11
q 4 35 -19.66
q 4 36 -57.29
q 4 37 -25.72
q 4 38 -10.54
q 4 39 -59.56
q 5 0 18.48
q 5 1 37.14
q 5 2 58.15
q 5 3 45.34
q 5 4 44.76
q 5 5 8.46
q 5 6 1.02
q 5 7 59.77
q 5 8 66.92
q 5 9 5.49
q 5 10 44.37
q 5 11 13.13
q 5 12 44.44
q 5 13 72.92
q 5 14 18.85
q 5 15 68.42
q 5 16 69.68
q 5 17 73.35
q 5 18 17.11
q 5 19 43.55
q 5 20 -18.48
q 5 21 -37.14
q 5 22 -58.15
q 5 23 -45.34
q 5 24 -44.76
q 5 25 -8.46
q 5 26 -1.02
q 5 27 -59.77
q 5 28 -66.92
q 5 29 -5.49
q 5 30 -44.37
q 5 31 -13.13
q 5 32 -44.44
q 5 33 -72.92
q 5 34 -18.85
q 5 35 -68.42
q 5 36 -69.68
q 5 37 -73.35
q 5 38 -17.11
q 5 39 -43.55
q 6 0 73.56
q 6 1 1
q 6 2 67.03
q 6 3 48.93
q 6 4 67.96
q 6 5 52.18
q 6 6 58.15
q 6 7 58.53
q 6 8 51.61
q 6 9 18.03
q 6 10 17.62
q 6 11 62.37
q 6 12 40.3
q 6 13 75.7
q 6 14 76.17
q 6 15 57.35
q 6 16 8.9
q 6 17 44.1
q 6 18 1.67
q 6 19 2.93
q 6 20 -73.56
q 6 21 -1
q 6 22 -67.03
q 6 23 -48.93
q 6 24 -67.96
q 6 25 -52.18
q 6 26 -58.15
q 6 27 -58.53
q 6 28 -51.61
q 6 29 -18.03
q 6 30 -17.62
q 6 31 -62.37
q 6 32 -40.3
q 6 33 -75.7
q 6 34 -76.17
q 6 35 -57.35
q 6 36 -8.9
q 6 37 -44.1
q 6 38 -1.67
q 6 39 -2.93
q 7 0 8.82
q 7 1 74.49
q 7 2 56.71
q 7 3 69.59
q 7 4 72.54
q 7 5 78.08
q 7 6 60.06
q 7 7 5.01
q 7 8 46.82
q 7 9 10.46
q 7 10 79.98
q 7 11 69.5
q 7 12 42
q 7 13 12.2
q 7 14 75.66
q 7 15 34.54
q 7 16 50.08
q 7 17 26.16
q 7 18 64.61
q 7 19 73.03
q 7 20 -8.82
q 7 21 -74.49
q 7 22 -56.71
q 7 23 -69.59
q 7 24 -72.54
q 7 25 -78.08
q 7 26 -60.06
q 7 27 -5.01
q 7 28 -46.82
q 7 29 -10.46
q 7 30 -79.98
q 7 31 -69.5
q 7 32 -42
q 7 33 -12.2
q 7 34 -75.66
q 7 35 -34.54
q 7 36 -50.08
q 7 37 -26.16
q 7 38 -64.61
q 7 39 -73.03
q 8 0 14.72
q 8 1 34.71
q 8 2 76.23
q 8 3 4.98
q 8 4 8.22
q 8 5 25
q 8 6 60.73
q 8 7 58.2
q 8 8 42.27
q 8 9 21.23
q 8 10 78.15
q 8 11 29.52
q 8 12 19.24
q 8 13 22.68
q 8 14 32.6
q 8 15 11.44
q 8 16 30.71
q 8 17 19.86
q 8 18 54.72
q 8 19 53.99
q 8 20 -14.72
q 8 21 -34.71
q 8 22 -76.23
q 8 23 -4.98
q 8 24 -8.22
q 8 25 -25
q 8 26 -60.73
q 8 27 -58.2
q 8 28 -42.27
q 8 29 -21.23
q 8 30 -78.15
q 8 31 -29.52
q 8 32 -19.24
q 8 33 -22.68
q 8 34 -32.6
q 8 35 -11.44
q 8 36 -30.71
q 8 37 -19.86
q 8 38 -54.72
q 8 39 -53.99
q 9 0 69.25
q 9 1 55.99
q 9 2 1.1
q 9 3 67.14
q 9 4 4.03
q 9 5 23.42
q 9 6 38.81
q 9 7 70.83
q 9 8 11.45
q 9 9 64.34
q 9 10 38.34
q 9 11 14.29
q 9 12 67.51
q 9 13 11.59
q 9 14 48.01
q 9 15 72.44
q 9 16 62.06
q 9 17 50.52
q 9 18 41.82
q 9 19 73.88
q 9 20 -69.25
q 9 21 -55.99
q 9 22 -1.1
q 9 23 -67.14
q 9 24 -4.03
q 9 25 -23.42
q 9 26 -38.81
q 9 27 -70.83
q 9 28 -11.45
q 9 29 -64.34
q 9 30 -38.34
q 9 31 -14.29
q 9 32 -67.51
q 9 33 -11.59
q 9 34 -48.01
q 9 35 -72.44
q 9 36 -62.06
q 9 37 -50.52
q 9 38 -41.82
q 9 39 -73.88
q 10 0 58.21
q 10 1 18.72
q 10 2 11.76
q 10 3 63.27
q 10 4 48.03
q 10 5 21.04
q 10 6 22.4
q 10 7 2.46
q 10 8 72.8
q 10 9 18.07
q 10 10 62.92
q 10 11 12.96
q 10 12 70.14
q 10 13 22.79
q 10 14 20.39
q 10 15 51.79
q 10 16 17.98
q 10 17 70.68
q 10 18 72.97
q 10 19 78.55
q 10 20 -58.21
q 10 21 -18.72
q 10 22 -11.76
q 10 23 -63.27
q 10 24 -48.03
q 10 25 -21.04
q 10 26 -22.4
q 10 27 -2.46
q 10 28 -72.8
q 10 29 -18.07
q 10 30 -62.92
q 10 31 -12.96
q 10 32 -70.14
q 10 33 -22.79
q 10 34 -20.39
q 10 35 -51.79
q 10 36 -17.98
q 10 37 -70.68
q 10 38 -72.97
q 10 39 -78.55
q 11 0 26.89
q 11 1 71.57
q 11 2 76.31
q 11 3 71.51
q 11 4 77.26
q 11 5 67.36
q 11 6 77.77
q 11 7 32.22
q 11 8 18.74
q 11 9 69.25
q 11 10 47.48
q 11 11 1.04
q 11 12 47.48
q 11 13 54.64
q 11 14 22.57
q 11 15 1.36
q 11 16 18.89
q 11 17 50.33
q 11 18 79.05
q 11 19 79.15
q 11 20 -26.89
q 11 21 -71.57
q 11 22 -76.31
q 11 23 -71.51
q 11 24 -77.26
q 11 25 -67.36
q 11 26 -77.77
q 11 27 -32.22
q 11 28 -18.74
q 11 29 -69.25
q 11 30 -47.48
q 11 31 -1.04
q 11 32 -47.48
q 11 33 -54.64
q 11 34 -22.57
q 11 35 -1.36
q 11 36 -18.89
q 11 37 -50.33
q 11 38 -79.05
q 11 39 -79.15
q 12 0 32.02
q 12 1 20.87
q 12 2 47.82
q 12 3 41.31
q 12 4 75.76
q 12 5 4.95
q 12 6 7.69
q 12 7 63.8
q 12 8 62.7
q 12 9 45.93
q 12 10 63.81
q 12 11 36.63
q 12 12 24.32
q 12 13 14.08
q 12 14 58.6
q 12 15 2.04
q 12 16 20.2
q 12 17 48.34
q 12 18 20.53
q 12 19 44.96
q 12 20 -32.02
q 12 21 -20.87
q 12 22 -47.82
q 12 23 -41.31
q 12 24 -75.76
q 12 25 -4.95
q 12 26 -7.69
q 12 27 -63.8
q 12 28 -62.7
q 12 29 -45.93
q 12 30 -63.81
q 12 31 -36.63
q 12 32 -24.32
q 12 33 -14.08
q 12 34 -58.6
q 12 35 -2.04
q 12 36 -20.2
q 12 37 -48.34
q 12 38 -20.53
q 12 39 -44.96
q 13 0 67.19
q 13 1 64.1
q 13 2 51.05
q 13 3 59.01
q 13 4 53.56
q 13 5 36.03
q 13 6 70.02
q 13 7 58.33
q 13 8 3.35
q 13 9 41.83
q 13 10 35.14
q 13 11 7.31
q 13 12 41.76
q 13 13 62.09
q 13 14 22.23
q 13 15 59.94
q 13 16 51.2
q 13 17 47.31
q 13 18 2.05
q 13 19 32.05
q 13 20 -67.19
q 13 21 -64.1
q 13 22 -51.05
q 13 23 -59.01
q 13 24 -53.56
q 13 25 -36.03
q 13 26 -70.02
q 13 27 -58.33
q 13 28 -3.35
q 13 29 -41.83
q 13 30 -35.14
q 13 31 -7.31
q 13 32 -41.76
q 13 33 -62.09
q 13 34 -22.23
q 13 35 -59.94
q 13 36 -51.2
q 13 37 -47.31
q 13 38 -2.05
q 13 39 -32.05
q 14 0 16.22
q 14 1 4.44
q 14 2 31.31
q 14 3 40.06
q 14 4 54.68
q 14 5 20.36
q 14 6 42.46
q 14 7 4.27
q 14 8 30.57
q 14 9 28.44
q 14 10 37.7
q 14 11 23.02
q 14 12 54.85
q 14 13 78.68
q 14 14 32.52
q 14 15 74.62
q 14 16 44.73
q 14 17 34.01
q 14 18 52.53
q 14 19 67.88
q 14 20 -16.22
q 14 21 -4.44
q 14 22 -31.31
q 14 23 -40.06
q 14 24 -54.68
q 14 25 -20.36
q 14 26 -42.46
q 14 27 -4.27
q 14 28 -30.57
q 14 29 -28.44
q 14 30 -37.7
q 14 31 -23.02
q 14 32 -54.85
q 14 33 -78.68
q 14 34 -32.52
q 14 35 -74.62
q 14 36 -44.73
q 14 37 -34.01
q 14 38 -52.53
q 14 39 -67.88
q 15 0 76.43
q 15 1 28.45
q 15 2 4.02
q 15 3 61.25
q 15 4 62.92
q 15 5 53.94
q 15 6 24.33
q 15 7 38.65
q 15 8 37.61
q 15 9 75.36
q 15 10 5.13
q 15 11 10.14
q 15 12 31.06
q 15 13 17.64
q 15 14 53.94
q 15 15 55.52
q 15 16 23.25
q 15 17 32.43
q 15 18 40.47
q 15 19 53.35
q 15 20 -76.43
q 15 21 -28.45
q 15 22 -4.02
q 15 23 -61.25
q 15 24 -62.92
q 15 25 -53.94
q 15 26 -24.33
q 15 27 -38.65
q 15 28 -37.61
q 15 29 -75.36
q 15 30 -5.13
q 15 31 -10.14
q 15 32 -31.06
q 15 33 -17.64
q 15 34 -53.94
q 15 35 -55.52
q 15 36 -23.25
q 15 37 -32.43
q 15 38 -40.47
q 15 39 -53.35
q 16 0 16.32
q 16 1 44.52
q 16 2 2.27
q 16 3 56.85
q 16 4 45.66
q 16 5 12.35
q 16 6 33.93
q 16 7 39.9
q 16 8 42.57
q 16 9 44.17
q 16 10 66.3
q 16 11 22.42
q 16 12 53.82
q 16 13 26.06
q 16 14 44.92
q 16 15 45.95
q 16 16 37.89
q 16 17 34.99
q 16 18 42.36
q 16 19 11.46
q 16 20 -16.32
q 16 21 -44.52
q 16 22 -2.27
q 16 23 -56.85
q 16 24 -45.66
q 16 25 -12.35
q 16 26 -33.93
q 16 27 -39.9
q 16 28 -42.57
q 16 29 -44.17
q 16 30 -66.3
q 16 31 -22.42
q 16 32 -53.82
q 16 33 -26.06
q 16 34 -44.92
q 16 35 -45.95
q 16 36 -37.89
q 16 37 -34.99
q 16 38 -42.36
q 16 39 -11.46
q 17 0 61.04
q 17 1 45.53
q 17 2 28.6
q 17 3 25.49
q 17 4 66.02
q 17 5 11.12
q 17 6 31.91
q 17 7 54.87
q 17 8 42.69
q 17 9 7.36
q 17 10 22.74
q 17 11 59.7
q 17 12 1.27
q 17 13 67.06
q 17 14 73.1
q 17 15 29.18
q 17 16 29.74
q 17 17 55.57
q 17 18 8.85
q 17 19 62.53
q 17 20 -61.04
q 17 21 -45.53
q 17 22 -28.6
q 17 23 -25.49
q 17 24 -66.02
q 17 25 -11.12
q 17 26 -31.91
q 17 27 -54.87
q 17 28 -42.69
q 17 29 -7.36
q 17 30 -22.74
q 17 31 -59.7
q 17 32 -1.27
q 17 33 -67.06
q 17 34 -73.1
q 17 35 -29.18
q 17 36 -29.74
q 17 37 -55.57
q 17 38 -8.85
q 17 39 -62.53
q 18 0 67.09
q 18 1 72.33
q 18 2 43.04
q 18 3 50.48
q 18 4 30.62
q 18 5 5.28
q 18 6 72.26
q 18 7 41.98
q 18 8 71.04
q 18 9 33.45
q 18 10 8.5
q 18 11 19.68
q 18 12 12.81
q 18 13 35.64
q 18 14 35.68
q 18 15 61.23
q 18 16 54.6
q 18 17 28.05
q 18 18 49.51
q 18 19 6.46
q 18 20 -67.09
q 18 21 -72.33
q 18 22 -43.04
q 18 23 -50.48
q 18 24 -30.62
q 18 25 -5.28
q 18 26 -72.26
q 18 27 -41.98
q 18 28 -71.04
q 18 29 -33.45
q 18 30 -8.5
q 18 31 -19.68
q 18 32 -12.81
q 18 33 -35.64
q 18 34 -35.68
q 18 35 -61.23
q 18 36 -54.6
q 18 37 -28.05
q 18 38 -49.51
q 18 39 -6.46
q 19 0 7.48
q 19 1 69.14
q 19 2 23.15
q 19 3 10.35
q 19 4 33.95
q 19 5 6.06
q 19 6 78.22
q 19 7 57.02
q 19 8 24.48
q 19 9 45.63
q 19 10 65.89
q 19 11 69.1
q 19 12 18.39
q 19 13 25.55
q 19 14 6.82
q 19 15 31.87
q 19 16 1.63
q 19 17 73.4
q 19 18 48.85
q 19 19 33.22
q 19 20 -7.48
q 19 21 -69.14
q 19 22 -23.15
q 19 23 -10.35
q 19 24 -33.95
q 19 25 -6.06
q 19 26 -78.22
q 19 27 -57.02
q 19 28 -24.48
q 19 29 -45.63
q 19 30 -65.89
q 19 31 -69.1
q 19 32 -18.39
q 19 33 -25.55
q 19 34 -6.82
q 19 35 -31.87
q 19 36 -1.63
q 19 37 -73.4
q 19 38 -48.85
q 19 39 -33.22
q 20 0 35.76
q 20 1 65.83
q 20 2 61.63
q 20 3 22.82
q 20 4 21.45
q 20 5 75.8
q 20 6 56.64
q 20 7 50.86
q 20 8 29.94
q 20 9 77.85
q 20 10 16.48
q 20 11 4.21
q 20 12 30.07
q 20 13 10.85
q 20 14 69.7
q 20 15 53.05
q 20 16 22.93
q 20 17 32.36
q 20 18 67.25
q 20 19 41.42
q 20 20 -35.76
q 20 21 -65.83
q 20 22 -61.63
q 20 23 -22.82
q 20 24 -21.45
q 20 25 -75.8
q 20 26 -56.64
q 20 27 -50.86
q 20 28 -29.94
q 20 29 -77.85
q 20 30 -16.48
q 20 31 -4.21
q 20 32 -30.07
q 20 33 -10.85
q 20 34 -69.7
q 20 35 -53.05
q 20 36 -22.93
q 20 37 -32.36
q 20 38 -67.25
q 20 39 -41.42
q 21 0 47.3
q 21 1 22.6
q 21 2 26.31
q 21 3 21.26
q 21 4 14.89
q 21 5 8.51
q 21 6 30.04
q 21 7 10.71
q 21 8 43.23
q 21 9 26.77
q 21 10 23.34
q 21 11 57.41
q 21 12 8.12
q 21 13 70.84
q 21 14 79.33
q 21 15 57.3
q 21 16 76.22
q 21 17 79.52
q 21 18 38.5
q 21 19 5.75
q 21 20 -47.3
q 21 21 -22.6
q 21 22 -26.31
q 21 23 -21.26
q 21 24 -14.89
q 21 25 -8.51
q 21 26 -30.04
q 21 27 -10.71
q 21 28 -43.23
q 21 29 -26.77
q 21 30 -23.34
q 21 31 -57.41
q 21 32 -8.12
q 21 33 -70.84
q 21 34 -79.33
q 21 35 -57.3
q 21 36 -76.22
q 21 37 -79.52
q 21 38 -38.5
q 21 39 -5.75
q 22 0 6.34
q 22 1 10.22
q 22 2 68.45
q 22 3 14.54
q 22 4 18.52
q 22 5 27.14
q 22 6 58.89
q 22 7 3.25
q 22 8 18.69
q 22 9 54.24
q 22 10 72.86
q 22 11 45.17
q 22 12 79.95
q 22 13 25.69
q 22 14 15.63
q 22 15 44.59
q 22 16 28.16
q 22 17 25.12
q 22 18 8.3
q 22 19 6.29
q 22 20 -6.34
q 22 21 -10.22
q 22 22 -68.45
q 22 23 -14.54
q 22 24 -18.52
q 22 25 -27.14
q 22 26 -58.89
q 22 27 -3.25
q 22 28 -18.69
q 22 29 -54.24
q 22 30 -72.86
q 22 31 -45.17
q 22 32 -79.95
q 22 33 -25.69
q 22 34 -15.63
q 22 35 -44.59
q 22 36 -28.16
q 22 37 -25.12
q 22 38 -8.3
q 22 39 -6.29
q 23 0 56.81
q 23 1 73.43
q 23 2 51.56
q 23 3 39.56
q 23 4 47.04
q 23 5 58.62
q 23 6 38.86
q 23 7 42.97
q 23 8 62.19
q 23 9 75.22
q 23 10 28.63
q 23 11 75.49
q 23 12 57.32
q 23 13 14.44
q 23 14 6.44
q 23 15 1.09
q 23 16 35.68
q 23 17 77.04
q 23 18 14.14
q 23 19 73.9
q 23 20 -56.81
q 23 21 -73.43
q 23 22 -51.56
q 23 23 -39.56
q 23 24 -47.04
q 23 25 -58.62
q 23 26 -38.86
q 23 27 -42.97
q 23 28 -62.19
q 23 29 -75.22
q 23 30 -28.63
q 23 31 -75.49
q 23 32 -57.32
q 23 33 -14.44
q 23 34 -6.44
q 23 35 -1.09
q 23 36 -35.68
q 23 37 -77.04
q 23 38 -14.14
q 23 39 -73.9
q 24 0 22.13
q 24 1 69.23
q 24 2 1.28
q 24 3 18.15
q 24 4 64.34
q 24 5 49.84
q 24 6 49.41
q 24 7 30.33
q 24 8 54.24
q 24 9 5.55
q 24 10 14.55
q 24 11 61.62
q 24 12 73.75
q 24 13 46.03
q 24 14 42.05
q 24 15 68.04
q 24 16 1.02
q 24 17 35.33
q 24 18 47.19
q 24 19 77.46
q 24 20 -22.13
q 24 21 -69.23
q 24 22 -1.28
q 24 23 -18.15
q 24 24 -64.34
q 24 25 -49.84
q 24 26 -49.41
q 24 27 -30.33
q 24 28 -54.24
q 24 29 -5.55
q 24 30 -14.55
q 24 31 -61.62
q 24 32 -73.75
q 24 33 -46.03
q 24 34 -42.05
q 24 35 -68.04
q 24 36 -1.02
q 24 37 -35.33
q 24 38 -47.19
q 24 39 -77.46
q 25 0 6.84
q 25 1 57.97
q 25 2 12.56
q 25 3 20.99
q 25 4 70.31
q 25 5 24
q 25 6 55.42
q 25 7 67.27
q 25 8 39.98
q 25 9 77.03
q 25 10 48.36
q 25 11 67.97
q 25 12 79.6
q 25 13 71.44
q 25 14 11.86
q 25 15 30.64
q 25 16 49.96
q 25 17 42.66
q 25 18 12.97
q 25 19 29.9
q 25 20 -6.84
q 25 21 -57.97
q 25 22 -12.56
q 25 23 -20.99
q 25 24 -70.31
q 25 25 -24
q 25 26 -55.42
q 25 27 -67.27
q 25 28 -39.98
q 25 29 -77.03
q 25 30 -48.36
q 25 31 -67.97
q 25 32 -79.6
q 25 33 -71.44
q 25 34 -11.86
q 25 35 -30.64
q 25 36 -49.96
q 25 37 -42.66
q 25 38 -12.97
q 25 39 -29.9
q 26 0 61.58
q 26 1 38.49
q 26 2 72.1
q 26 3 9.95
q 26 4 42.02
q 26 5 25.12
q 26 6 45.58
q 26 7 33.65
q 26 8 21.51
q 26 9 62.98
q 26 10 0.12
q 26 11 58.31
q 26 12 18.3
q 26 13 61.61
q 26 14 5.76
q 26 15 60.41
q 26 16 17.77
q 26 17 66.56
q 26 18 21.97
q 26 19 16.61
q 26 20 -61.58
q 26 21 -38.49
q 26 22 -72.1
q 26 23 -9.95
q 26 24 -42.02
q 26 25 -25.12
q 26 26 -45.58
q 26 27 -33.65
q 26 28 -21.51
q 26 29 -62.98
q 26 30 -0.12
q 26 31 -58.31
q 26 32 -18.3
q 26 33 -61.61
q 26 34 -5.76
q 26 35 -60.41
q 26 36 -17.77
q 26 37 -66.56
q 26 38 -21.97
q 26 39 -16.61
q 27 0 7.79
q 27 1 4.5
q 27 2 70.47
q 27 3 33.86
q 27 4 64.46
q 27 5 33.97
q 27 6 65.77
q 27 7 14.33
q 27 8 52.88
q 27 9 61.69
q 27 10 75.26
q 27 11 42.3
q 27 12 75.53
q 27 13 48.77
q 27 14 26.82
q 27 15 39.02
q 27 16 14.23
q 27 17 12.75
q 27 18 68.77
q 27 19 31.35
q 27 20 -7.79
q 27 21 -4.5
q 27 22 -70.47
q 27 23 -33.86
q 27 24 -64.46
q 27 25 -33.97
q 27 26 -65.77
q 27 27 -14.33
q 27 28 -52.88
q 27 29 -61.69
q 27 30 -75.26
q 27 31 -42.3
q 27 32 -75.53
q 27 33 -48.77
q 27 34 -26.82
q 27 35 -39.02
q 27 36 -14.23
q 27 37 -12.75
q 27 38 -68.77
q 27 39 -31.35
q 28 0 62.73
q 28 1 14.65
q 28 2 30.45
q 28 3 32.97
q 28 4 35.06
q 28 5 11.14
q 28 6 39.5
q 28 7 7.95
q 28 8 65.07
q 28 9 79.21
q 28 10 10.94
q 28 11 50.93
q 28 12 77.29
q 28 13 31.48
q 28 14 76.08
q 28 15 23.64
q 28 16 65.27
q 28 17 6.83
q 28 18 43.65
q 28 19 11.22
q 28 20 -62.73
q 28 21 -14.65
q 28 22 -30.45
q 28 23 -32.97
q 28 24 -35.06
q 28 25 -11.14
q 28 26 -39.5
q 28 27 -7.95
q 28 28 -65.07
q 28 29 -79.21
q 28 30 -10.94
q 28 31 -50.93
q 28 32 -77.29
q 28 33 -31.48
q 28 34 -76.08
q 28 35 -23.64
q 28 36 -65.27
q 28 37 -6.83
q 28 38 -43.65
q 28 39 -11.22
q 29 0 66.23
q 29 1 71.96
q 29 2 56.77
q 29 3 34.19
q 29 4 39.37
q 29 5 0.22
q 29 6 38.36
q 29 7 13.1
q 29 8 57.34
q 29 9 56.29
q 29 10 11.75
q 29 11 44.92
q 29 12 8.13
q 29 13 24.9
q 29 14 25.26
q 29 15 36.54
q 29 16 67.34
q 29 17 35.46
q 29 18 0.84
q 29 19 25.39
q 29 20 -66.23
q 29 21 -71.96
q 29 22 -56.77
q 29 23 -34.19
q 29 24 -39.37
q 29 25 -0.22
q 29 26 -38.36
q 29 27 -13.1
q 29 28 -57.34
q 29 29 -56.29
q 29 30 -11.75
q 29 31 -44.92
q 29 32 -8.13
q 29 33 -24.9
q 29 34 -25.26
q 29 35 -36.54
q 29 36 -67.34
q 29 37 -35.46
q 29 38 -0.84
q 29 39 -25.39
q 30 0 74.71
q 30 1 28.99
q 30 2 21.22
q 30 3 6.31
q 30 4 33.92
q 30 5 8.65
q 30 6 22.14
q 30 7 34.05
q 30 8 60.51
q 30 9 50.04
q 30 10 72.43
q 30 11 10.3
q 30 12 22.39
q 30 13 63.84
q 30 14 31.45
q 30 15 72.92
q 30 16 51.94
q 30 17 23.97
q 30 18 50.43
q 30 19 72.89
q 30 20 -74.71
q 30 21 -28.99
q 30 22 -21.22
q 30 23 -6.31
q 30 24 -33.92
q 30 25 -8.65
q 30 26 -22.14
q 30 27 -34.05
q 30 28 -60.51
q 30 29 -50.04
q 30 30 -72.43
q 30 31 -10.3
q 30 32 -22.39
q 30 33 -63.84
q 30 34 -31.45
q 30 35 -72.92
q 30 36 -51.94
q 30 37 -23.97
q 30 38 -50.43
q 30 39 -72.89
q 31 0 3.95
q 31 1 62.7
q 31 2 9.89
q 31 3 74.37
q 31 4 63.39
q 31 5 75.69
q 31 6 12.15
q 31 7 17.37
q 31 8 9.93
q 31 9 0.36
q 31 10 6.54
q 31 11 66.45
q 31 12 67.27
q 31 13 58.84
q 31 14 60.55
q 31 15 46.89
q 31 16 17.46
q 31 17 19.73
q 31 18 45.76
q 31 19 10.29
q 31 20 -3.95
q 31 21 -62.7
q 31 22 -9.89
q 31 23 -74.37
q 31 24 -63.39
q 31 25 -75.69
q 31 26 -12.15
q 31 27 -17.37
q 31 28 -9.93
q 31 29 -0.36
q 31 30 -6.54
q 31 31 -66.45
q 31 32 -67.27
q 31 33 -58.84
q 31 34 -60.55
q 31 35 -46.89
q 31 36 -17.46
q 31 37 -19.73
q 31 38 -45.76
q 31 39 -10.29
q 32 0 39.83
q 32 1 42.08
q 32 2 61.13
q 32 3 52.01
q 32 4 66.57
q 32 5 51.26
q 32 6 42.81
q 32 7 52.28
q 32 8 61.81
q 32 9 31.93
q 32 10 40.15
q 32 11 73.26
q 32 12 45.01
q 32 13 63.02
q 32 14 19.59
q 32 15 26.17
q 32 16 15.98
q 32 17 37.39
q 32 18 14.64
q 32 19 50.47
q 32 20 -39.83
q 32 21 -42.08
q 32 22 -61.13
q 32 23 -52.01
q 32 24 -66.57
q 32 25 -51.26
q 32 26 -42.81
q 32 27 -52.28
q 32 28 -61.81
q 32 29 -31.93
q 32 30 -40.15
q 32 31 -73.26
q 32 32 -45.01
q 32 33 -63.02
q 32 34 -19.59
q 32 35 -26.17
q 32 36 -15.98
q 32 37 -37.39
q 32 38 -14.64
q 32 39 -50.47
q 33 0 26.66
q 33 1 61.9
q 33 2 71.21
q 33 3 54.04
q 33 4 78.86
q 33 5 58.77
q 33 6 19.42
q 33 7 56.46
q 33 8 10.56
q 33 9 46.14
q 33 10 26.99
q 33 11 32.72
q 33 12 51.92
q 33 13 43.71
q 33 14 5.74
q 33 15 0.59
q 33 16 62.09
q 33 17 70.2
q 33 18 13.94
q 33 19 11.13
q 33 20 -26.66
q 33 21 -61.9
q 33 22 -71.21
q 33 23 -54.04
q 33 24 -78.86
q 33 25 -58.77
q 33 26 -19.42
q 33 27 -56.46
q 33 28 -10.56
q 33 29 -46.14
q 33 30 -26.99
q 33 31 -32.72
q 33 32 -51.92
q 33 33 -43.71
q 33 34 -5.74
q 33 35 -0.59
q 33 36 -62.09
q 33 37 -70.2
q 33 38 -13.94
q 33 39 -11.13
q 34 0 18
q 34 1 55.69
q 34 2 46.46
q 34 3 58.67
q 34 4 44.27
q 34 5 7.18
q 34 6 48.17
q 34 7 46.3
q 34 8 41.3
q 34 9 45.27
q 34 10 56.59
q 34 11 78.72
q 34 12 26.41
q 34 13 40.04
q 34 14 69.37
q 34 15 30.18
q 34 16 15.11
q 34 17 62.31
q 34 18 63.96
q 34 19 7.92
q 34 20 -18
q 34 21 -55.69
q 34 22 -46.46
q 34 23 -58.67
q 34 24 -44.27
q 34 25 -7.18
q 34 26 -48.17
q 34 27 -46.3
q 34 28 -41.3
q 34 29 -45.27
q 34 30 -56.59
q 34 31 -78.72
q 34 32 -26.41
q 34 33 -40.04
q 34 34 -69.37
q 34 35 -30.18
q 34 36 -15.11
q 34 37 -62.31
q 34 38 -63.96
q 34 39 -7.92
q 35 0 68.9
q 35 1 61.99
q 35 2 55.73
q 35 3 6.31
q 35 4 58.93
q 35 5 57.02
q 35 6 63.25
q 35 7 64.19
q 35 8 47.16
q 35 9 57.47
q 35 10 51.69
q 35 11 44.78
q 35 12 37.29
q 35 13 70.61
q 35 14 17.6
q 35 15 56.59
q 35 16 14.18
q 35 17 9.15
q 35 18 27.73
q 35 19 56.13
q 35 20 -68.9
q 35 21 -61.99
q 35 22 -55.73
q 35 23 -6.31
q 35 24 -58.93
q 35 25 -57.02
q 35 26 -63.25
q 35 27 -64.19
q 35 28 -47.16
q 35 29 -57.47
q 35 30 -51.69
q 35 31 -44.78
q 35 32 -37.29
q 35 33 -70.61
q 35 34 -17.6
q 35 35 -56.59
q 35 36 -14.18
q 35 37 -9.15
q 35 38 -27.73
q 35 39 -56.13
q 36 0 55.34
q 36 1 51.21
q 36 2 35.7
q 36 3 21.87
q 36 4 30.66
q 36 5 52.61
q 36 6 31.64
q 36 7 78.89
q 36 8 21.79
q 36 9 68.43
q 36 10 68.01
q 36 11 70.44
q 36 12 52.94
q 36 13 39.38
q 36 14 2.69
q 36 15 12.85
q 36 16 37.39
q 36 17 19.83
q 36 18 34.57
q 36 19 22.79
q 36 20 -55.34
q 36 21 -51.21
q 36 22 -35.7
q 36 23 -21.87
q 36 24 -30.66
q 36 25 -52.61
q 36 26 -31.64
q 36 27 -78.89
q 36 28 -21.79
q 36 29 -68.43
q 36 30 -68.01
q 36 31 -70.44
q 36 32 -52.94
q 36 33 -39.38
q 36 34 -2.69
q 36 35 -12.85
q 36 36 -37.39
q 36 37 -19.83
q 36 38 -34.57
q 36 39 -22.79
q 37 0 3.2
q 37 1 49.89
q 37 2 64.92
q 37 3 9.22
q 37 4 68.06
q 37 5 65.37
q 37 6 77.64
q 37 7 28.57
q 37 8 33.36
q 37 9 42.41
q 37 10 13.17
q 37 11 51.07
q 37 12 53.96
q 37 13 30.77
q 37 14 66.05
q 37 15 53.44
q 37 16 32.66
q 37 17 49.63
q 37 18 15.02
q 37 19 61.78
q 37 20 -3.2
q 37 21 -49.89
q 37 22 -64.92
q 37 23 -9.22
q 37 24 -68.06
q 37 25 -65.37
q 37 26 -77.64
q 37 27 -28.57
q 37 28 -33.36
q 37 29 -42.41
q 37 30 -13.17
q 37 31 -51.07
q 37 32 -53.96
q 37 33 -30.77
q 37 34 -66.05
q 37 35 -53.44
q 37 36 -32.66
q 37 37 -49.63
q 37 38 -15.02
q 37 39 -61.78
q 38 0 51.89
q 38 1 48.59
q 38 2 44.15
q 38 3 14.56
q 38 4 21.13
q 38 5 63.96
q 38 6 74.35
q 38 7 6.11
q 38 8 45.8
q 38 9 75.41
q 38 10 56.7
q 38 11 3.93
q 38 12 14.81
q 38 13 23.66
q 38 14 16.72
q 38 15 18.14
q 38 16 50.75
q 38 17 76.71
q 38 18 52.05
q 38 19 19.21
q 38 20 -51.89
q 38 21 -48.59
q 38 22 -44.15
q 38 23 -14.56
q 38 24 -21.13
q 38 25 -63.96
q 38 26 -74.35
q 38 27 -6.11
q 38 28 -45.8
q 38 29 -75.41
q 38 30 -56.7
q 38 31 -3.93
q 38 32 -14.81
q 38 33 -23.66
q 38 34 -16.72
q 38 35 -18.14
q 38 36 -50.75
q 38 37 -76.71
q 38 38 -52.05
q 38 39 -19.21
q 39 0 45.71
q 39 1 5.69
q 39 2 24.23
q 39 3 2.06
q 39 4 38.67
q 39 5 5.56
q 39 6 49.68
q 39 7 45.29
q 39 8 28.09
q 39 9 47.83
q 39 10 67.16
q 39 11 6.47
q 39 12 29.4
q 39 13 19.22
q 39 14 13.83
q 39 15 35.02
q 39 16 44.8
q 39 17 40.94
q 39 18 72.09
q 39 19 9.68
q 39 20 -45.71
q 39 21 -5.69
q 39 22 -24.23
q 39 23 -2.06
q 39 24 -38.67
q 39 25 -5.56
q 39 26 -49.68
q 39 27 -45.29
q 39 28 -28.09
q 39 29 -47.83
q 39 30 -67.16
q 39 31 -6.47
q 39 32 -29.4
q 39 33 -19.22
q 39 34 -13.83
q 39 35 -35.02
q 39 36 -44.8
q 39 37 -40.94
q 39 38 -72.09
q 39 39 -9.68
q 40 0 58.68
q 40 1 37.49
q 40 2 63.82
q 40 3 46.3
q 40 4 61.19
q 40 5 54.16
q 40 6 50.78
q 40 7 12.82
q 40 8 54.82
q 40 9 69.56
q 40 10 52.44
q 40 11 62.93
q 40 12 60.96
q 40 13 39.07
q 40 14 51.59
q 40 15 39.88
q 40 16 49.04
q 40 17 0.9
q 40 18 37.34
q 40 19 60.15
q 40 20 -58.68
q 40 21 -37.49
q 40 22 -63.82
q 40 23 -46.3
q 40 24 -61.19
q 40 25 -54.16
q 40 26 -50.78
q 40 27 -12.82
q 40 28 -54.82
q 40 29 -69.56
q 40 30 -52.44
q 40 31 -62.93
q 40 32 -60.96
q 40 33 -39.07
q 40 34 -51.59
q 40 35 -39.88
q 40 36 -49.04
q 40 37 -0.9
q 40 38 -37.34
q 40 39 -60.15
q 41 0 17.32
q 41 1 65.61
q 41 2 4.78
q 41 3 67.91
q 41 4 9.51
q 41 5 59.46
q 41 6 76.55
q 41 7 71.42
q 41 8 44.55
q 41 9 71.23
q 41 10 35.31
q 41 11 57.68
q 41 12 7.24
q 41 13 10.6
q 41 14 57.53
q 41 15 11.12
q 41 16 39.23
q 41 17 36
q 41 18 51.78
q 41 19 44.74
q 41 20 -17.32
q 41 21 -65.61
q 41 22 -4.78
q 41 23 -67.91
q 41 24 -9.51
q 41 25 -59.46
q 41 26 -76.55
q 41 27 -71.42
q 41 28 -44.55
q 41 29 -71.23
q 41 30 -35.31
q 41 31 -57.68
q 41 32 -7.24
q 41 33 -10.6
q 41 34 -57.53
q 41 35 -11.12
q 41 36 -39.23
q 41 37 -36
q 41 38 -51.78
q 41 39 -44.74
q 42 0 32.28
q 42 1 22.44
q 42 2 0.18
q 42 3 48.51
q 42 4 76.92
q 42 5 10.33
q 42 6 27.04
q 42 7 2.28
q 42 8 21.62
q 42 9 58.81
q 42 10 58.16
q 42 11 11.86
q 42 12 19.25
q 42 13 38.25
q 42 14 6.04
q 42 15 22.36
q 42 16 55.48
q 42 17 74.26
q 42 18 78.18
q 42 19 66.72
q 42 20 -32.28
q 42 21 -22.44
q 42 22 -0.18
q 42 23 -48.51
q 42 24 -76.92
q 42 25 -10.33
q 42 26 -27.04
q 42 27 -2.28
q 42 28 -21.62
q 42 29 -58.81
q 42 30 -58.16
q 42 31 -11.86
q 42 32 -19.25
q 42 33 -38.25
q 42 34 -6.04
q 42 35 -22.36
q 42 36 -55.48
q 42 37 -74.26
q 42 38 -78.18
q 42 39 -66.72
q 43 0 8.17
q 43 1 18.05
q 43 2 68.63
q 43 3 78.32
q 43 4 66.62
q 43 5 45.72
q 43 6 26.08
q 43 7 41.26
q 43 8 58.08
q 43 9 43.38
q 43 10 39.9
q 43 11 31.06
q 43 12 27.84
q 43 13 18.16
q 43 14 49.28
q 43 15 61.53
q 43 16 3.17
q 43 17 51.7
q 43 18 37.71
q 43 19 63.85
q 43 20 -8.17
q 43 21 -18.05
q 43 22 -68.63
q 43 23 -78.32
q 43 24 -66.62
q 43 25 -45.72
q 43 26 -26.08
q 43 27 -41.26
q 43 28 -58.08
q 43 29 -43.38
q 43 30 -39.9
q 43 31 -31.06
q 43 32 -27.84
q 43 33 -18.16
q 43 34 -49.28
q 43 35 -61.53
q 43 36 -3.17
q 43 37 -51.7
q 43 38 -37.71
q 43 39 -63.85
q 44 0 75.45
q 44 1 26.34
q 44 2 18.51
q 44 3 53.48
q 44 4 56.7
q 44 5 73.41
q 44 6 57.08
q 44 7 14.35
q 44 8 31.99
q 44 9 62.7
q 44 10 38.17
q 44 11 3.51
q 44 12 70.24
q 44 13 63.75
q 44 14 33.13
q 44 15 0.15
q 44 16 29.63
q 44 17 71.24
q 44 18 32.76
q 44 19 8.29
q 44 20 -75.45
q 44 21 -26.34
q 44 22 -18.51
q 44 23 -53.48
q 44 24 -56.7
q 44 25 -73.41
q 44 26 -57.08
q 44 27 -14.35
q 44 28 -31.99
q 44 29 -62.7
q 44 30 -38.17
q 44 31 -3.51
q 44 32 -70.24
q 44 33 -63.75
q 44 34 -33.13
q 44 35 -0.15
q 44 36 -29.63
q 44 37 -71.24
q 44 38 -32.76
q 44 39 -8.29
q 45 0 5.31
q 45 1 10.77
q 45 2 79.27
q 45 3 62.95
q 45 4 5.57
q 45 5 59.91
q 45 6 28.16
q 45 7 44.51
q 45 8 26.37
q 45 9 26.83
q 45 10 24.36
q 45 11 8.8
q 45 12 64.09
q 45 13 39.16
q 45 14 29.8
q 45 15 53.16
q 45 16 73.32
q 45 17 47.02
q 45 18 52.59
q 45 19 36.3
q 45 20 -5.31
q 45 21 -10.77
q 45 22 -79.27
q 45 23 -62.95
q 45 24 -5.57
q 45 25 -59.91
q 45 26 -28.16
q 45 27 -44.51
q 45 28 -26.37
q 45 29 -26.83
q 45 30 -24.36
q 45 31 -8.8
q 45 32 -64.09
q 45 33 -39.16
q 45 34 -29.8
q 45 35 -53.16
q 45 36 -73.32
q 45 37 -47.02
q 45 38 -52.59
q 45 39 -36.3
q 46 0 75.16
q 46 1 51.76
q 46 2 16.03
q 46 3 78.13
q 46 4 13.13
q 46 5 57
q 46 6 21.72
q 46 7 41.3
q 46 8 47.15
q 46 9 59.22
q 46 10 33.26
q 46 11 67.28
q 46 12 24.66
q 46 13 53.93
q 46 14 60.62
q 46 15 26.61
q 46 16 52.09
q 46 17 52.57
q 46 18 20.62
q 46 19 14.94
q 46 20 -75.16
q 46 21 -51.76
q 46 22 -16.03
q 46 23 -78.13
q 46 24 -13.13
q 46 25 -57
q 46 26 -21.72
q 46 27 -41.3
q 46 28 -47.15
q 46 29 -59.22
q 46 30 -33.26
q 46 31 -67.28
q 46 32 -24.66
q 46 33 -53.93
q 46 34 -60.62
q 46 35 -26.61
q 46 36 -52.09
q 46 37 -52.57
q 46 38 -20.62
q 46 39 -14.94
q 47 0 17.18
q 47 1 48.15
q 47 2 43.75
q 47 3 66.52
q 47 4 34.31
q 47 5 60.5
q 47 6 5.47
q 47 7 37.91
q 47 8 62.14
q 47 9 19.39
q 47 10 30.38
q 47 11 21.07
q 47 12 19
q 47 13 55.27
q 47 14 16.72
q 47 15 12.58
q 47 16 69.71
q 47 17 10.28
q 47 18 58.48
q 47 19 21.37
q 47 20 -17.18
q 47 21 -48.15
q 47 22 -43.75
q 47 23 -66.52
q 47 24 -34.31
q 47 25 -60.5
q 47 26 -5.47
q 47 27 -37.91
q 47 28 -62.14
q 47 29 -19.39
q 47 30 -30.38
q 47 31 -21.07
q 47 32 -19
q 47 33 -55.27
q 47 34 -16.72
q 47 35 -12.58
q 47 36 -69.71
q 47 37 -10.28
q 47 38 -58.48
q 47 39 -21.37
q 48 0 54.98
q 48 1 66.98
q 48 2 22.1
q 48 3 39.39
q 48 4 25.32
q 48 5 31.23
q 48 6 37.93
q 48 7 17.24
q 48 8 36.44
q 48 9 69.37
q 48 10 45.79
q 48 11 1.14
q 48 12 18.6
q 48 13 4.5
q 48 14 15.03
q 48 15 69.89
q 48 16 31.2
q 48 17 35.39
q 48 18 6.91
q 48 19 45.04
q 48 20 -54.98
q 48 21 -66.98
q 48 22 -22.1
q 48 23 -39.39
q 48 24 -25.32
q 48 25 -31.23
q 48 26 -37.93
q 48 27 -17.24
q 48 28 -36.44
q 48 29 -69.37
q 48 30 -45.79
q 48 31 -1.14
q 48 32 -18.6
q 48 33 -4.5
q 48 34 -15.03
q 48 35 -69.89
q 48 36 -31.2
q 48 37 -35.39
q 48 38 -6.91
q 48 39 -45.04
q 49 0 45.6
q 49 1 71.69
q 49 2 20.12
q 49 3 27.25
q 49 4 58.5
q 49 5 18.26
q 49 6 55.15
q 49 7 24.23
q 49 8 27.54
q 49 9 27.64
q 49 10 22.15
q 49 11 56.21
q 49 12 7.34
q 49 13 34.02
q 49 14 68.22
q 49 15 62.34
q 49 16 22.8
q 49 17 65.23
q 49 18 39.1
q 49 19 65.74
q 49 20 -45.6
q 49 21 -71.69
q 49 22 -20.12
q 49 23 -27.25
q 49 24 -58.5
q 49 25 -18.26
q 49 26 -55.15
q 49 27 -24.23
q 49 28 -27.54
q 49 29 -27.64
q 49 30 -22.15
q 49 31 -56.21
q 49 32 -7.34
q 49 33 -34.02
q 49 34 -68.22
q 49 35 -62.34
q 49 36 -22.8
q 49 37 -65.23
q 49 38 -39.1
q 49 39 -65.74
q 50 0 46.4
q 50 1 63.91
q 50 2 77.14
q 50 3 55.82
q 50 4 16.06
q 50 5 59.08
q 50 6 30.26
q 50 7 16.51
q 50 8 9.98
q 50 9 60.19
q 50 10 18.6
q 50 11 61.6
q 50 12 27.22
q 50 13 2.74
q 50 14 26.05
q 50 15 77.29
q 50 16 49.33
q 50 17 26.56
q 50 18 19.78
q 50 19 53.41
q 50 20 -46.4
q 50 21 -63.91
q 50 22 -77.14
q 50 23 -55.82
q 50 24 -16.06
q 50 25 -59.08
q 50 26 -30.26
q 50 27 -16.51
q 50 28 -9.98
q 50 29 -60.19
q 50 30 -18.6
q 50 31 -61.6
q 50 32 -27.22
q 50 33 -2.74
q 50 34 -26.05
q 50 35 -77.29
q 50 36 -49.33
q 50 37 -26.56
q 50 38 -19.78
q 50 39 -53.41
q 51 0 34.64
q 51 1 22.85
q 51 2 73.6
q 51 3 35.51
q 51 4 76.9
q 51 5 14.19
q 51 6 39.5
q 51 7 68.62
q 51 8 71.28
q 51 9 64.67
q 51 10 30.79
q 51 11 18.24
q 51 12 41.41
q 51 13 27.38
q 51 14 40.62
q 51 15 67.61
q 51 16 68.9
q 51 17 77.69
q 51 18 68.92
q 51 19 72.63
q 51 20 -34.64
q 51 21 -22.85
q 51 22 -73.6
q 51 23 -35.51
q 51 24 -76.9
q 51 25 -14.19
q 51 26 -39.5
q 51 27 -68.62
q 51 28 -71.28
q 51 29 -64.67
q 51 30 -30.79
q 51 31 -18.24
q 51 32 -41.41
q 51 33 -27.38
q 51 34 -40.62
q 51 35 -67.61
q 51 36 -68.9
q 51 37 -77.69
q 51 38 -68.92
q 51 39 -72.63
q 52 0 54.31
q 52 1 47.51
q 52 2 72.13
q 52 3 11.43
q 52 4 34.76
q 52 5 46.12
q 52 6 23.8
q 52 7 8.48
q 52 8 43.96
q 52 9 21.78
q 52 10 15.22
q 52 11 8.71
q 52 12 26.85
q 52 13 67.8
q 52 14 27.44
q 52 15 3.19
q 52 16 61.37
q 52 17 3.24
q 52 18 16.43
q 52 19 51.57
q 52 20 -54.31
q 52 21 -47.51
q 52 22 -72.13
q 52 23 -11.43
q 52 24 -34.76
q 52 25 -46.12
q 52 26 -23.8
q 52 27 -8.48
q 52 28 -43.96
q 52 29 -21.78
q 52 30 -15.22
q 52 31 -8.71
q 52 32 -26.85
q 52 33 -67.8
q 52 34 -27.44
q 52 35 -3.19
q 52 36 -61.37
q 52 37 -3.24
q 52 38 -16.43
q 52 39 -51.57
q 53 0 67.68
q 53 1 46.65
q 53 2 77.2
q 53 3 8.44
q 53 4 42.05
q 53 5 71.24
q 53 6 71.82
q 53 7 50.26
q 53 8 43.53
q 53 9 27.35
q 53 10 36.53
q 53 11 60.01
q 53 12 61.11
q 53 13 46.34
q 53 14 39.45
q 53 15 70.2
q 53 16 55.02
q 53 17 7.51
q 53 18 11.27
q 53 19 16.61
q 53 20 -67.68
q 53 21 -46.65
q 53 22 -77.2
q 53 23 -8.44
q 53 24 -42.05
q 53 25 -71.24
q 53 26 -71.82
q 53 27 -50.26
q 53 28 -43.53
q 53 29 -27.35
q 53 30 -36.53
q 53 31 -60.01
q 53 32 -61.11
q 53 33 -46.34
q 53 34 -39.45
q 53 35 -70.2
q 53 36 -55.02
q 53 37 -7.51
q 53 38 -11.27
q 53 39 -16.61
q 54 0 24.47
q 54 1 21.54
q 54 2 23.93
q 54 3 30.2
q 54 4 56.7
q 54 5 51.23
q 54 6 27.66
q 54 7 40.61
q 54 8 36.66
q 54 9 41.65
q 54 10 74.84
q 54 11 39.26
q 54 12 27.14
q 54 13 19.27
q 54 14 13.03
q 54 15 42.8
q 54 16 16.12
q 54 17 75.06
q 54 18 32.14
q 54 19 69.74
q 54 20 -24.47
q 54 21 -21.54
q 54 22 -23.93
q 54 23 -30.2
q 54 24 -56.7
q 54 25 -51.23
q 54 26 -27.66
q 54 27 -40.61
q 54 28 -36.66
q 54 29 -41.65
q 54 30 -74.84
q 54 31 -39.26
q 54 32 -27.14
q 54 33 -19.27
q 54 34 -13.03
q 54 35 -42.8
q 54 36 -16.12
q 54 37 -75.06
q 54 38 -32.14
q 54 39 -69.74
q 55 0 28.09
q 55 1 25.16
q 55 2 7.33
q 55 3 65.49
q 55 4 52.06
q 55 5 57.54
q 55 6 15.05
q 55 7 68.15
q 55 8 60.13
q 55 9 62.49
q 55 10 73.55
q 55 11 12.64
q 55 12 71.9
q 55 13 5.06
q 55 14 46.98
q 55 15 10.34
q 55 16 43.87
q 55 17 47.77
q 55 18 7.3
q 55 19 12.58
q 55 20 -28.09
q 55 21 -25.16
q 55 22 -7.33
q 55 23 -65.49
q 55 24 -52.06
q 55 25 -57.54
q 55 26 -15.05
q 55 27 -68.15
q 55 28 -60.13
q 55 29 -62.49
q 55 30 -73.55
q 55 31 -12.64
q 55 32 -71.9
q 55 33 -5.06
q 55 34 -46.98
q 55 35 -10.34
q 55 36 -43.87
q 55 37 -47.77
q 55 38 -7.3
q 55 39 -12.58
q 56 0 56.58
q 56 1 72.77
q 56 2 37.62
q 56 3 56.12
q 56 4 70.11
q 56 5 24.45
q 56 6 30.4
q 56 7 18.47
q 56 8 61.22
q 56 9 59.77
q 56 10 4.15
q 56 11 9.11
q 56 12 28.71
q 56 13 77.52
q 56 14 70.97
q 56 15 53.43
q 56 16 31.58
q 56 17 24.67
q 56 18 47.32
q 56 19 20.7
q 56 20 -56.58
q 56 21 -72.77
q 56 22 -37.62
q 56 23 -56.12
q 56 24 -70.11
q 56 25 -24.45
q 56 26 -30.4
q 56 27 -18.47
q 56 28 -61.22
q 56 29 -59.77
q 56 30 -4.15
q 56 31 -9.11
q 56 32 -28.71
q 56 33 -77.52
q 56 34 -70.97
q 56 35 -53.43
q 56 36 -31.58
q 56 37 -24.67
q 56 38 -47.32
q 56 39 -20.7
q 57 0 5.44
q 57 1 54.5
q 57 2 21.93
q 57 3 72.01
q 57 4 52.09
q 57 5 64.01
q 57 6 43.88
q 57 7 12.85
q 57 8 27.25
q 57 9 77.33
q 57 10 52.21
q 57 11 16.19
q 57 12 59.15
q 57 13 76.26
q 57 14 35.58
q 57 15 32.51
q 57 16 1.07
q 57 17 61.12
q 57 18 59.89
q 57 19 54.1
q 57 20 -5.44
q 57 21 -54.5
q 57 22 -21.93
q 57 23 -72.01
q 57 24 -52.09
q 57 25 -64.01
q 57 26 -43.88
q 57 27 -12.85
q 57 28 -27.25
q 57 29 -77.33
q 57 30 -52.21
q 57 31 -16.19
q 57 32 -59.15
q 57 33 -76.26
q 57 34 -35.58
q 57 35 -32.51
q 57 36 -1.07
q 57 37 -61.12
q 57 38 -59.89
q 57 39 -54.1
q 58 0 43.93
q 58 1 46.23
q 58 2 45.87
q 58 3 11.24
q 58 4 27.29
q 58 5 29.62
q 58 6 63.37
q 58 7 40.95
q 58 8 71.38
q 58 9 40.11
q 58 10 58.85
q 58 11 66.81
q 58 12 78.96
q 58 13 53.23
q 58 14 6.94
q 58 15 16.84
q 58 16 58.16
q 58 17 58.75
q 58 18 31.41
q 58 19 29.25
q 58 20 -43.93
q 58 21 -46.23
q 58 22 -45.87
q 58 23 -11.24
q 58 24 -27.29
q 58 25 -29.62
q 58 26 -63.37
q 58 27 -40.95
q 58 28 -71.38
q 58 29 -40.11
q 58 30 -58.85
q 58 31 -66.81
q 58 32 -78.96
q 58 33 -53.23
q 58 34 -6.94
q 58 35 -16.84
q 58 36 -58.16
q 58 37 -58.75
q 58 38 -31.41
q 58 39 -29.25
q 59 0 78.49
q 59 1 14.72
q 59 2 28.93
q 59 3 52.47
q 59 4 19.45
q 59 5 36.92
q 59 6 77.36
q 59 7 21.96
q 59 8 38.71
q 59 9 8.76
q 59 10 65.64
q 59 11 53.43
q 59 12 15.55
q 59 13 79.03
q 59 14 44.22
q 59 15 39.31
q 59 16 40.9
q 59 17 5.29
q 59 18 21.5
q 59 19 75.95
q 59 20 -78.49
q 59 21 -14.72
q 59 22 -28.93
q 59 23 -52.47
q 59 24 -19.45
q 59 25 -36.92
q 59 26 -77.36
q 59 27 -21.96
q 59 28 -38.71
q 59 29 -8.76
q 59 30 -65.64
q 59 31 -53.43
q 59 32 -15.55
q 59 33 -79.03
q 59 34 -44.22
q 59 35 -39.31
q 59 36 -40.9
q 59 37 -5.29
q 59 38 -21.5
q 59 39 -75.95
q 90 0 53.63
q 90 1 48.98
q 90 2 20.33
q 90 3 82.71
q 90 4 62.99
q 90 5 52.71
q 90 6 27.53
q 90 7 23.45
q 90 8 21.82
q 90 9 45.59
q 90 10 81.2
q 90 11 78.51
q 90 12 26.66
q 90 13 42.35
q 90 14 75.02
q 90 15 46.5
q 90 16 48.61
q 90 17 48.99
q 90 18 48.1
q 90 19 23.44
q 90 20 -5.4
q 90 21 -1.61
q 90 22 -18.98
q 90 23 -3.81
q 90 24 -10.6
q 90 25 -13.31
q 90 26 -16.37
q 90 27 -2.74
q 90 28 -12.38
q 90 29 -4.94
q 90 30 -15.4
q 90 31 -18.33
q 90 32 -19.29
q 90 33 -2.43
q 90 34 -9.13
q 90 35 -0.2
q 90 36 -17.24
q 90 37 -7.18
q 90 38 -7.09
q 90 39 -11.58
q 91 0 65.49
q 91 1 45.48
q 91 2 83.36
q 91 3 52.09
q 91 4 60.67
q 91 5 54.48
q 91 6 93.82
q 91 7 97.28
q 91 8 49.62
q 91 9 77.03
q 91 10 92.03
q 91 11 98.94
q 91 12 51.99
q 91 13 97.59
q 91 14 35.77
q 91 15 47.57
q 91 16 54.84
q 91 17 29.79
q 91 18 30.33
q 91 19 67.32
q 91 20 -4.43
q 91 21 -17.79
q 91 22 -3.63
q 91 23 -15.43
q 91 24 -1.1
q 91 25 -13.92
q 91 26 -6.88
q 91 27 -8.78
q 91 28 -15.67
q 91 29 -4.28
q 91 30 -10.59
q 91 31 -14.51
q 91 32 -2.12
q 91 33 -18.32
q 91 34 -1.74
q 91 35 -14.64
q 91 36 -5.92
q 91 37 -13.24
q 91 38 -0.52
q 91 39 -11.94
q 92 0 56.21
q 92 1 77.06
q 92 2 49.41
q 92 3 94.6
q 92 4 90.11
q 92 5 28.67
q 92 6 36.08
q 92 7 91.99
q 92 8 50.89
q 92 9 51.16
q 92 10 99.55
q 92 11 76.94
q 92 12 82.03
q 92 13 99.23
q 92 14 89.31
q 92 15 81.02
q 92 16 41.72
q 92 17 51.52
q 92 18 34.39
q 92 19 90.07
q 92 20 -1.88
q 92 21 -13.65
q 92 22 -9.7
q 92 23 -3.32
q 92 24 -6.87
q 92 25 -4.3
q 92 26 -10.62
q 92 27 -4.07
q 92 28 -15.42
q 92 29 -13.56
q 92 30 -9.7
q 92 31 -2.18
q 92 32 -15.56
q 92 33 -5.14
q 92 34 -9.82
q 92 35 -3.72
q 92 36 -6.16
q 92 37 -10.27
q 92 38 -4.22
q 92 39 -18.8
q 93 0 61.41
q 93 1 69.13
q 93 2 31.15
q 93 3 39.19
q 93 4 37.16
q 93 5 32.97
q 93 6 90.86
q 93 7 93.41
q 93 8 66.49
q 93 9 97.14
q 93 10 77.68
q 93 11 48.97
q 93 12 39.81
q 93 13 56.11
q 93 14 95.58
q 93 15 27.09
q 93 16 78.58
q 93 17 43.54
q 93 18 71
q 93 19 99.19
q 93 20 -1.08
q 93 21 -16.74
q 93 22 -16.48
q 93 23 -0.52
q 93 24 -19.66
q 93 25 -12.29
q 93 26 -12.52
q 93 27 -13.75
q 93 28 -0.28
q 93 29 -18.49
q 93 30 -10.98
q 93 31 -12.65
q 93 32 -1.85
q 93 33 -9.96
q 93 34 -13.89
q 93 35 -15.48
q 93 36 -19.14
q 93 37 -19.5
q 93 38 -5.73
q 93 39 -7.41
q 94 0 28.5
q 94 1 98.86
q 94 2 34.32
q 94 3 47.88
q 94 4 20.54
q 94 5 56.75
q 94 6 54.28
q 94 7 50.62
q 94 8 65.46
q 94 9 96.31
q 94 10 24.08
q 94 11 84.27
q 94 12 74.6
q 94 13 55.07
q 94 14 34.95
q 94 15 90.17
q 94 16 95.88
q 94 17 72.83
q 94 18 55.18
q 94 19 64.22
q 94 20 -16.6
q 94 21 -19.82
q 94 22 -5.18
q 94 23 -8.55
q 94 24 -12.65
q 94 25 -0.52
q 94 26 -8.98
q 94 27 -10.42
q 94 28 -5.44
q 94 29 -16.83
q 94 30 -4.27
q 94 31 -1.22
q 94 32 -0.05
q 94 33 -14.14
q 94 34 -5.56
q 94 35 -16.23
q 94 36 -17.48
q 94 37 -17.28
q 94 38 -2.43
q 94 39 -14.5
q 95 0 75.67
q 95 1 68.73
q 95 2 50.07
q 95 3 49.36
q 95 4 32.59
q 95 5 38.33
q 95 6 56.76
q 95 7 84.39
q 95 8 67.68
q 95 9 36.03
q 95 10 69.89
q 95 11 29.9
q 95 12 56.4
q 95 13 70.4
q 95 14 77.92
q 95 15 28.29
q 95 16 34.51
q 95 17 59.11
q 95 18 70.74
q 95 19 88.74
q 95 20 -4.79
q 95 21 -0.12
q 95 22 -17.62
q 95 23 -16.65
q 95 24 -1.8
q 95 25 -4.67
q 95 26 -1.99
q 95 27 -11.08
q 95 28 -8.56
q 95 29 -7.39
q 95 30 -1.61
q 95 31 -17.58
q 95 32 -16.52
q 95 33 -15.76
q 95 34 -13.55
q 95 35 -19.62
q 95 36 -17.97
q 95 37 -14.63
q 95 38 -3.74
q 95 39 -19.6
q 96 0 73.04
q 96 1 56.75
q 96 2 27.25
q 96 3 61.1
q 96 4 54.04
q 96 5 78.26
q 96 6 95.24
q 96 7 86.74
q 96 8 30.64
q 96 9 87.48
q 96 10 77.48
q 96 11 72.4
q 96 12 32.74
q 96 13 60.34
q 96 14 58.07
q 96 15 39.64
q 96 16 36.97
q 96 17 64.11
q 96 18 37.76
q 96 19 63.66
q 96 20 -8.64
q 96 21 -4.68
q 96 22 -6.48
q 96 23 -7.47
q 96 24 -18.23
q 96 25 -7.21
q 96 26 -15.6
q 96 27 -13.58
q 96 28 -17.15
q 96 29 -19.29
q 96 30 -10.57
q 96 31 -13.46
q 96 32 -13.87
q 96 33 -19.86
q 96 34 -4.14
q 96 35 -8.15
q 96 36 -8.24
q 96 37 -15.91
q 96 38 -12.43
q 96 39 -10.92
q 97 0 39.94
q 97 1 35.55
q 97 2 87.31
q 97 3 26.99
q 97 4 43.5
q 97 5 92.66
q 97 6 84.59
q 97 7 45.46
q 97 8 74.98
q 97 9 58.2
q 97 10 76.49
q 97 11 34.05
q 97 12 83.97
q 97 13 50.3
q 97 14 63.49
q 97 15 20.21
q 97 16 27.32
q 97 17 50.85
q 97 18 99.66
q 97 19 23.83
q 97 20 -8.64
q 97 21 -11.84
q 97 22 -15.6
q 97 23 -3.01
q 97 24 -5.84
q 97 25 -5.85
q 97 26 -0.64
q 97 27 -11.02
q 97 28 -18.51
q 97 29 -3.84
q 97 30 -11.71
q 97 31 -9.15
q 97 32 -13.4
q 97 33 -10.59
q 97 34 -5.79
q 97 35 -16.51
q 97 36 -0.13
q 97 37 -14.77
q 97 38 -8.47
q 97 39 -15.36
q 98 0 67.71
q 98 1 80.61
q 98 2 47.05
q 98 3 79.33
q 98 4 68.53
q 98 5 37.61
q 98 6 51.36
q 98 7 20.54
q 98 8 53.69
q 98 9 79.51
q 98 10 80.96
q 98 11 99.6
q 98 12 26.85
q 98 13 81.23
q 98 14 36.04
q 98 15 73.16
q 98 16 88.92
q 98 17 44.55
q 98 18 68.13
q 98 19 61.37
q 98 20 -13.38
q 98 21 -1.12
q 98 22 -17.73
q 98 23 -16.72
q 98 24 -14.99
q 98 25 -10.16
q 98 26 -12.5
q 98 27 -8.6
q 98 28 -0.11
q 98 29 -11.15
q 98 30 -1.34
q 98 31 -16.15
q 98 32 -14.65
q 98 33 -14.09
q 98 34 -8.25
q 98 35 -15.34
q 98 36 -8.19
q 98 37 -4.35
q 98 38 -14.16
q 98 39 -11.16
q 99 0 79.3
q 99 1 69.86
q 99 2 85.7
q 99 3 96.78
q 99 4 45.24
q 99 5 72.54
q 99 6 92.05
q 99 7 32.38
q 99 8 32.61
q 99 9 33.23
q 99 10 92.45
q 99 11 81.71
q 99 12 31.64
q 99 13 85.44
q 99 14 44.05
q 99 15 83.8
q 99 16 73.79
q 99 17 64.34
q 99 18 81.74
q 99 19 94.56
q 99 20 -5.85
q 99 21 -1.53
q 99 22 -0.36
q 99 23 -0.9
q 99 24 -4.09
q 99 25 -0.93
q 99 26 -14.53
q 99 27 -11.64
q 99 28 -16.28
q 99 29 -19.19
q 99 30 -19.91
q 99 31 -3.89
q 99 32 -11.63
q 99 33 -10.64
q 99 34 -17.33
q 99 35 -8.11
q 99 36 -11.27
q 99 37 -19.29
q 99 38 -0.74
q 99 39 -14.62
q 100 0 94.31
q 100 1 82.44
q 100 2 75.17
q 100 3 31.06
q 100 4 72.44
q 100 5 61.57
q 100 6 84.9
q 100 7 72.64
q 100 8 44.83
q 100 9 95.82
q 100 10 61.78
q 100 11 40.03
q 100 12 31.29
q 100 13 27.4
q 100 14 53.98
q 100 15 32.33
q 100 16 57.09
q 100 17 30.99
q 100 18 75.18
q 100 19 50.03
q 100 20 -3.44
q 100 21 -15.56
q 100 22 -5.68
q 100 23 -8.65
q 100 24 -9.78
q 100 25 -13.23
q 100 26 -2.42
q 100 27 -7.28
q 100 28 -9.89
q 100 29 -19.36
q 100 30 -2.01
q 100 31 -14.26
q 100 32 -13.97
q 100 33 -19.54
q 100 34 -0.39
q 100 35 -8.92
q 100 36 -14.77
q 100 37 -6.93
q 100 38 -19.2
q 100 39 -6.82
q 101 0 67.97
q 101 1 43.89
q 101 2 59.37
q 101 3 54.04
q 101 4 66.45
q 101 5 76.1
q 101 6 58.93
q 101 7 78.22
q 101 8 50.25
q 101 9 91.2
q 101 10 60.28
q 101 11 30.96
q 101 12 30.17
q 101 13 54.2
q 101 14 23.59
q 101 15 65.48
q 101 16 58.43
q 101 17 64.45
q 101 18 40.65
q 101 19 75.6
q 101 20 -0.87
q 101 21 -14.38
q 101 22 -0.39
q 101 23 -10.46
q 101 24 -2.38
q 101 25 -2.95
q 101 26 -13.63
q 101 27 -9.51
q 101 28 -6.93
q 101 29 -11.61
q 101 30 -4.42
q 101 31 -19.21
q 101 32 -15.01
q 101 33 -16.68
q 101 34 -6.03
q 101 35 -5.77
q 101 36 -6.63
q 101 37 -4.23
q 101 38 -18.35
q 101 39 -16.09
q 102 0 85.87
q 102 1 81.06
q 102 2 67.2
q 102 3 42.59
q 102 4 93.05
q 102 5 75.44
q 102 6 57.53
q 102 7 67.66
q 102 8 55.26
q 102 9 64.3
q 102 10 20.65
q 102 11 75.54
q 102 12 82.31
q 102 13 79.54
q 102 14 76.53
q 102 15 58.72
q 102 16 63.27
q 102 17 94.41
q 102 18 60.94
q 102 19 52.59
q 102 20 -11.26
q 102 21 -15.61
q 102 22 -2.91
q 102 23 -10.21
q 102 24 -4.9
q 102 25 -9.62
q 102 26 -7.64
q 102 27 -16.07
q 102 28 -6.17
q 102 29 -1.26
q 102 30 -1.87
q 102 31 -12.43
q 102 32 -9.63
q 102 33 -16.38
q 102 34 -16.9
q 102 35 -15.48
q 102 36 -2.01
q 102 37 -6.4
q 102 38 -17.25
q 102 39 -2.96
q 103 0 73.1
q 103 1 44.64
q 103 2 88.49
q 103 3 43.61
q 103 4 38.03
q 103 5 36.28
q 103 6 70.83
q 103 7 61.08
q 103 8 70.93
q 103 9 77.41
q 103 10 73.91
q 103 11 45.45
q 103 12 85.11
q 103 13 69.2
q 103 14 52.48
q 103 15 70.3
q 103 16 48.33
q 103 17 63.97
q 103 18 26.36
q 103 19 20.55
q 103 20 -5.69
q 103 21 -12.78
q 103 22 -11.48
q 103 23 -6.12
q 103 24 -5.29
q 103 25 -15.39
q 103 26 -19.27
q 103 27 -19.54
q 103 28 -14.17
q 103 29 -3.58
q 103 30 -14.74
q 103 31 -2.86
q 103 32 -9.61
q 103 33 -6.11
q 103 34 -19.26
q 103 35 -1.57
q 103 36 -12.33
q 103 37 -15.07
q 103 38 -3.48
q 103 39 -8.72
q 104 0 29.91
q 104 1 66.7
q 104 2 43.28
q 104 3 87.37
q 104 4 47.91
q 104 5 65.57
q 104 6 63.45
q 104 7 91.56
q 104 8 74.63
q 104 9 71.93
q 104 10 55.67
q 104 11 86.43
q 104 12 65.23
q 104 13 96.21
q 104 14 43.59
q 104 15 21.58
q 104 16 82.15
q 104 17 72.49
q 104 18 88.92
q 104 19 26.94
q 104 20 -6.94
q 104 21 -5.96
q 104 22 -16.48
q 104 23 -10.46
q 104 24 -8.28
q 104 25 -6.5
q 104 26 -5.84
q 104 27 -9.29
q 104 28 -10.37
q 104 29 -2.39
q 104 30 -7.85
q 104 31 -4.81
q 104 32 -12.05
q 104 33 -10.2
q 104 34 -0.68
q 104 35 -7.39
q 104 36 -10.43
q 104 37 -13.3
q 104 38 -10.86
q 104 39 -10.42
q 105 0 68.73
q 105 1 38.24
q 105 2 29.22
q 105 3 88.92
q 105 4 76.6
q 105 5 88.14
q 105 6 39.25
q 105 7 95.2
q 105 8 97.42
q 105 9 42.87
q 105 10 31.59
q 105 11 91.6
q 105 12 20.98
q 105 13 57.81
q 105 14 85.52
q 105 15 84.02
q 105 16 74.39
q 105 17 96.79
q 105 18 60.05
q 105 19 62.77
q 105 20 -19.98
q 105 21 -12.44
q 105 22 -5.86
q 105 23 -17.45
q 105 24 -3.86
q 105 25 -2.62
q 105 26 -2.22
q 105 27 -17.38
q 105 28 -13.08
q 105 29 -2.33
q 105 30 -3.78
q 105 31 -19.64
q 105 32 -9
q 105 33 -1.71
q 105 34 -9.82
q 105 35 -9.18
q 105 36 -1.2
q 105 37 -17.07
q 105 38 -6.89
q 105 39 -3.76
q 106 0 75.23
q 106 1 27.29
q 106 2 91.65
q 106 3 88.36
q 106 4 62.84
q 106 5 32.14
q 106 6 57.8
q 106 7 52.58
q 106 8 73.06
q 106 9 56.42
q 106 10 62.51
q 106 11 40.81
q 106 12 93.14
q 106 13 35.93
q 106 14 79.05
q 106 15 68.91
q 106 16 84.42
q 106 17 84.8
q 106 18 78.75
q 106 19 78.74
q 106 20 -14.98
q 106 21 -8.95
q 106 22 -14.19
q 106 23 -1.84
q 106 24 -5.41
q 106 25 -18.42
q 106 26 -13.55
q 106 27 -14.18
q 106 28 -3.42
q 106 29 -6.36
q 106 30 -17.08
q 106 31 -5.35
q 106 32 -18.01
q 106 33 -7.49
q 106 34 -4.73
q 106 35 -19.1
q 106 36 -10.79
q 106 37 -14.94
q 106 38 -19.2
q 106 39 -13.98
q 107 0 83.63
q 107 1 36.57
q 107 2 46.77
q 107 3 89.08
q 107 4 90.24
q 107 5 77.74
q 107 6 57.1
q 107 7 45.82
q 107 8 44.45
q 107 9 48.55
q 107 10 27.81
q 107 11 36.29
q 107 12 69.34
q 107 13 38.92
q 107 14 96.07
q 107 15 23.59
q 107 16 52.73
q 107 17 83.22
q 107 18 91.72
q 107 19 39.24
q 107 20 -16.39
q 107 21 -2.78
q 107 22 -6.29
q 107 23 -9.22
q 107 24 -6.99
q 107 25 -8.33
q 107 26 -17.31
q 107 27 -7.23
q 107 28 -10.61
q 107 29 -9.78
q 107 30 -7.87
q 107 31 -4.47
q 107 32 -11.84
q 107 33 -18.29
q 107 34 -1.42
q 107 35 -19.24
q 107 36 -17.18
q 107 37 -19.67
q 107 38 -9.81
q 107 39 -10.75
q 108 0 22.75
q 108 1 84.15
q 108 2 33.02
q 108 3 24.81
q 108 4 99.34
q 108 5 61.9
q 108 6 42
q 108 7 80.27
q 108 8 78.41
q 108 9 80.46
q 108 10 77.13
q 108 11 98.09
q 108 12 71.33
q 108 13 99.17
q 108 14 23.26
q 108 15 86.62
q 108 16 69.78
q 108 17 47.47
q 108 18 33.8
q 108 19 94.43
q 108 20 -14.44
q 108 21 -14.87
q 108 22 -6.86
q 108 23 -10.42
q 108 24 -11.61
q 108 25 -9.24
q 108 26 -2.2
q 108 27 -2.85
q 108 28 -2.93
q 108 29 -9.09
q 108 30 -13.42
q 108 31 -12.76
q 108 32 -1.23
q 108 33 -14.5
q 108 34 -6.68
q 108 35 -14.71
q 108 36 -11.89
q 108 37 -6.75
q 108 38 -3.57
q 108 39 -17.22
q 109 0 90.93
q 109 1 38.08
q 109 2 94.86
q 109 3 71.85
q 109 4 24.76
q 109 5 32.99
q 109 6 59.45
q 109 7 29.2
q 109 8 61.13
q 109 9 55.08
q 109 10 81.73
q 109 11 48.17
q 109 12 76.57
q 109 13 72.38
q 109 14 41.88
q 109 15 58.92
q 109 16 89.44
q 109 17 71.51
q 109 18 44.98
q 109 19 68.23
q 109 20 -16.09
q 109 21 -16.53
q 109 22 -10.68
q 109 23 -13.72
q 109 24 -12.88
q 109 25 -18.05
q 109 26 -15.58
q 109 27 -10.63
q 109 28 -0.64
q 109 29 -9.46
q 109 30 -16.38
q 109 31 -1.61
q 109 32 -10.2
q 109 33 -19.77
q 109 34 -13.52
q 109 35 -7.86
q 109 36 -2.02
q 109 37 -17.94
q 109 38 -12.13
q 109 39 -1.49
q 110 0 96.3
q 110 1 81.41
q 110 2 69.67
q 110 3 60.37
q 110 4 75.58
q 110 5 49.8
q 110 6 79.75
q 110 7 73.64
q 110 8 87.15
q 110 9 34.63
q 110 10 75.2
q 110 11 90.31
q 110 12 35.64
q 110 13 96.24
q 110 14 85.29
q 110 15 29.92
q 110 16 73.27
q 110 17 66.75
q 110 18 49.51
q 110 19 57.21
q 110 20 -18.15
q 110 21 -14.2
q 110 22 -5.91
q 110 23 -4.92
q 110 24 -11.43
q 110 25 -14.18
q 110 26 -12.94
q 110 27 -17.82
q 110 28 -8.81
q 110 29 -12.2
q 110 30 -17.66
q 110 31 -18.72
q 110 32 -4.5
q 110 33 -12.93
q 110 34 -8.17
q 110 35 -14.13
q 110 36 -10.12
q 110 37 -6.42
q 110 38 -15.44
q 110 39 -0.03
q 111 0 54.08
q 111 1 78.65
q 111 2 61.56
q 111 3 71.79
q 111 4 61.58
q 111 5 41.79
q 111 6 32.9
q 111 7 72.23
q 111 8 26.89
q 111 9 75.97
q 111 10 89.43
q 111 11 69.81
q 111 12 92.57
q 111 13 24.89
q 111 14 24.09
q 111 15 84.62
q 111 16 23.25
q 111 17 48.3
q 111 18 45.75
q 111 19 78.65
q 111 20 -3.85
q 111 21 -17.24
q 111 22 -19.81
q 111 23 -1.94
q 111 24 -2.63
q 111 25 -15.3
q 111 26 -6.13
q 111 27 -7.54
q 111 28 -12.27
q 111 29 -7.16
q 111 30 -12.59
q 111 31 -13.42
q 111 32 -10.75
q 111 33 -8.35
q 111 34 -9.68
q 111 35 -13.08
q 111 36 -18.64
q 111 37 -9.09
q 111 38 -8.43
q 111 39 -0.45
q 112 0 67.02
q 112 1 84.47
q 112 2 21.54
q 112 3 67.85
q 112 4 69.62
q 112 5 49.49
q 112 6 52.39
q 112 7 99.46
q 112 8 57.74
q 112 9 27.14
q 112 10 94.01
q 112 11 45.51
q 112 12 89.34
q 112 13 61.04
q 112 14 57.79
q 112 15 43.11
q 112 16 31.49
q 112 17 65.69
q 112 18 73.6
q 112 19 72.07
q 112 20 -8.88
q 112 21 -8.77
q 112 22 -13.21
q 112 23 -10.74
q 112 24 -0.28
q 112 25 -14.34
q 112 26 -2.13
q 112 27 -3.05
q 112 28 -6.36
q 112 29 -11.1
q 112 30 -1.56
q 112 31 -5.7
q 112 32 -15.3
q 112 33 -12.2
q 112 34 -12.35
q 112 35 -1.19
q 112 36 -16.53
q 112 37 -8
q 112 38 -10.8
q 112 39 -2.93
q 113 0 52.64
q 113 1 64.47
q 113 2 81.72
q 113 3 77.92
q 113 4 33.76
q 113 5 40.38
q 113 6 93.01
q 113 7 71.61
q 113 8 65.78
q 113 9 51.21
q 113 10 79.17
q 113 11 85.34
q 113 12 89.44
q 113 13 56.28
q 113 14 29.62
q 113 15 28.42
q 113 16 75.01
q 113 17 52.26
q 113 18 96.05
q 113 19 88.45
q 113 20 -16.39
q 113 21 -4.83
q 113 22 -13.01
q 113 23 -6.03
q 113 24 -14.37
q 113 25 -13.16
q 113 26 -6.16
q 113 27 -19.97
q 113 28 -3.34
q 113 29 -19.12
q 113 30 -13.36
q 113 31 -18.65
q 113 32 -5.26
q 113 33 -15.31
q 113 34 -3.25
q 113 35 -13.66
q 113 36 -6.18
q 113 37 -4.51
q 113 38 -12.17
q 113 39 -7.57
q 114 0 65.71
q 114 1 64.7
q 114 2 52.63
q 114 3 96.53
q 114 4 39.97
q 114 5 36.69
q 114 6 39.46
q 114 7 63.13
q 114 8 88.24
q 114 9 84.11
q 114 10 55.68
q 114 11 70.92
q 114 12 82.78
q 114 13 36.69
q 114 14 47.46
q 114 15 48.33
q 114 16 40.35
q 114 17 26.18
q 114 18 75.36
q 114 19 21.46
q 114 20 -2.64
q 114 21 -2.09
q 114 22 -12.65
q 114 23 -16.04
q 114 24 -12.59
q 114 25 -4.08
q 114 26 -1.39
q 114 27 -9.86
q 114 28 -6.47
q 114 29 -11.92
q 114 30 -11.58
q 114 31 -1.5
q 114 32 -4.06
q 114 33 -11.89
q 114 34 -17.43
q 114 35 -4.9
q 114 36 -6.39
q 114 37 -7.25
q 114 38 -13.94
q 114 39 -13.95
q 115 0 83.44
q 115 1 28.12
q 115 2 78.02
q 115 3 21.53
q 115 4 44.6
q 115 5 65
q 115 6 47.77
q 115 7 91.18
q 115 8 28.5
q 115 9 49.54
q 115 10 64.14
q 115 11 77.25
q 115 12 69.62
q 115 13 42.82
q 115 14 78.05
q 115 15 63.81
q 115 16 49.32
q 115 17 98.84
q 115 18 41.83
q 115 19 81.23
q 115 20 -3.57
q 115 21 -18.93
q 115 22 -14.79
q 115 23 -4.71
q 115 24 -3.4
q 115 25 -12.65
q 115 26 -19.78
q 115 27 -10.59
q 115 28 -4.33
q 115 29 -6.77
q 115 30 -5.75
q 115 31 -10.3
q 115 32 -12.21
q 115 33 -8.27
q 115 34 -19.17
q 115 35 -7.35
q 115 36 -3.87
q 115 37 -9.08
q 115 38 -12.54
q 115 39 -19.5
q 116 0 80.01
q 116 1 23.03
q 116 2 34.51
q 116 3 71.15
q 116 4 27.72
q 116 5 25.57
q 116 6 90.03
q 116 7 89.42
q 116 8 55.29
q 116 9 21.28
q 116 10 46.91
q 116 11 99.08
q 116 12 21.23
q 116 13 98.23
q 116 14 86.08
q 116 15 20.82
q 116 16 64.21
q 116 17 48.21
q 116 18 29.92
q 116 19 81.71
q 116 20 -12.79
q 116 21 -10.36
q 116 22 -1.25
q 116 23 -19.58
q 116 24 -10.69
q 116 25 -8.61
q 116 26 -13.68
q 116 27 -18.64
q 116 28 -4.08
q 116 29 -8.48
q 116 30 -19.76
q 116 31 -1.56
q 116 32 -1.67
q 116 33 -10.11
q 116 34 -15.22
q 116 35 -7.59
q 116 36 -15.28
q 116 37 -2.09
q 116 38 -8.17
q 116 39 -18.24
q 117 0 86.32
q 117 1 49.87
q 117 2 57.99
q 117 3 74.8
q 117 4 73.55
q 117 5 42.31
q 117 6 25.91
q 117 7 26.32
q 117 8 77.72
q 117 9 31.3
q 117 10 24.03
q 117 11 28.28
q 117 12 95.89
q 117 13 99.09
q 117 14 47.7
q 117 15 67.54
q 117 16 33.01
q 117 17 70.43
q 117 18 53
q 117 19 74.79
q 117 20 -7.71
q 117 21 -7.85
q 117 22 -19.12
q 117 23 -15.85
q 117 24 -11.21
q 117 25 -7.87
q 117 26 -4.17
q 117 27 -13.64
q 117 28 -12.27
q 117 29 -10.84
q 117 30 -16.16
q 117 31 -5.94
q 117 32 -6.73
q 117 33 -13.72
q 117 34 -11.77
q 117 35 -11.65
q 117 36 -2.8
q 117 37 -18.34
q 117 38 -18.64
q 117 39 -9.49
q 118 0 38.98
q 118 1 52.64
q 118 2 39.86
q 118 3 87.41
q 118 4 56.24
q 118 5 67.35
q 118 6 52.7
q 118 7 37.17
q 118 8 89.44
q 118 9 98.43
q 118 10 48.65
q 118 11 38.47
q 118 12 70.78
q 118 13 48.6
q 118 14 21.97
q 118 15 77.57
q 118 16 86.51
q 118 17 41.24
q 118 18 93.99
q 118 19 90.6
q 118 20 -2.28
q 118 21 -15.08
q 118 22 -1.78
q 118 23 -17.02
q 118 24 -18.84
q 118 25 -13.48
q 118 26 -9.6
q 118 27 -1.42
q 118 28 -7.92
q 118 29 -5.32
q 118 30 -6.28
q 118 31 -17.15
q 118 32 -12.07
q 118 33 -4.17
q 118 34 -19.32
q 118 35 -7.99
q 118 36 -16.03
q 118 37 -2.71
q 118 38 -1.48
q 118 39 -18.29
q 119 0 20.67
q 119 1 40.54
q 119 2 60.96
q 119 3 42.56
q 119 4 37.09
q 119 5 69.47
q 119 6 92.74
q 119 7 27.67
q 119 8 61.62
q 119 9 20.41
q 119 10 46.79
q 119 11 78.61
q 119 12 90.89
q 119 13 57.62
q 119 14 91.46
q 119 15 28.47
q 119 16 76.66
q 119 17 85.11
q 119 18 26.62
q 119 19 52.26
q 119 20 -13.18
q 119 21 -6.57
q 119 22 -7.41
q 119 23 -5.67
q 119 24 -14.71
q 119 25 -3.86
q 119 26 -14.58
q 119 27 -4.1
q 119 28 -8.85
q 119 29 -18.95
q 119 30 -9.49
q 119 31 -19.56
q 119 32 -2.86
q 119 33 -15.58
q 119 34 -15.06
q 119 35 -18.65
q 119 36 -7.66
q 119 37 -11.47
q 119 38 -0.94
q 119 39 -12.3
q 120 0 55.34
q 120 1 80.73
q 120 2 27.41
q 120 3 77.04
q 120 4 78.38
q 120 5 41.45
q 120 6 57.08
q 120 7 91.39
q 120 8 42.35
q 120 9 90.13
q 120 10 90.35
q 120 11 40.74
q 120 12 38.57
q 120 13 68.11
q 120 14 29.07
q 120 15 28.52
q 120 16 64.71
q 120 17 27.19
q 120 18 63.68
q 120 19 50.03
q 120 20 -15.99
q 120 21 -15.6
q 120 22 -18.35
q 120 23 -11.47
q 120 24 -18.12
q 120 25 -0.87
q 120 26 -17.21
q 120 27 -7.5
q 120 28 -17.22
q 120 29 -6.28
q 120 30 -1.08
q 120 31 -17.74
q 120 32 -14.39
q 120 33 -8.11
q 120 34 -9.86
q 120 35 -15.45
q 120 36 -11.79
q 120 37 -14.68
q 120 38 -0.63
q 120 39 -3.47
q 121 0 57.9
q 121 1 88.17
q 121 2 39.26
q 121 3 73.89
q 121 4 57.73
q 121 5 81.89
q 121 6 61.77
q 121 7 92.23
q 121 8 32.31
q 121 9 62.52
q 121 10 23.92
q 121 11 35.59
q 121 12 91.99
q 121 13 95.58
q 121 14 91.66
q 121 15 52.22
q 121 16 89.52
q 121 17 88.4
q 121 18 58.58
q 121 19 76.04
q 121 20 -5.49
q 121 21 -11.78
q 121 22 -10.98
q 121 23 -2.81
q 121 24 -5.66
q 121 25 -17.52
q 121 26 -9.38
q 121 27 -2.26
q 121 28 -12.42
q 121 29 -10.53
q 121 30 -4.35
q 121 31 -13.22
q 121 32 -8.55
q 121 33 -10.29
q 121 34 -13.7
q 121 35 -8.13
q 121 36 -14.27
q 121 37 -13.28
q 121 38 -1.47
q 121 39 -0.79
q 122 0 26.15
q 122 1 62.44
q 122 2 90.59
q 122 3 76.16
q 122 4 98.05
q 122 5 43.36
q 122 6 26.4
q 122 7 28.36
q 122 8 44.03
q 122 9 61.65
q 122 10 86.89
q 122 11 20.06
q 122 12 92.99
q 122 13 33.94
q 122 14 70.43
q 122 15 53.43
q 122 16 28.11
q 122 17 72.54
q 122 18 60.37
q 122 19 33.31
q 122 20 -0.09
q 122 21 -15.69
q 122 22 -11.78
q 122 23 -7.09
q 122 24 -9.23
q 122 25 -8.22
q 122 26 -12.55
q 122 27 -5.14
q 122 28 -14.2
q 122 29 -19.04
q 122 30 -10.17
q 122 31 -9.09
q 122 32 -9.1
q 122 33 -18.26
q 122 34 -8.71
q 122 35 -12.73
q 122 36 -11.23
q 122 37 -5.1
q 122 38 -9.27
q 122 39 -1.47
q 123 0 76.76
q 123 1 49.87
q 123 2 89.92
q 123 3 97.51
q 123 4 62.01
q 123 5 67.17
q 123 6 59.24
q 123 7 97.9
q 123 8 59.74
q 123 9 67.93
q 123 10 77.79
q 123 11 92.68
q 123 12 47.28
q 123 13 60.38
q 123 14 44.11
q 123 15 37.17
q 123 16 44.88
q 123 17 76.42
q 123 18 46.46
q 123 19 86.39
q 123 20 -7.38
q 123 21 -13.65
q 123 22 -9.68
q 123 23 -17.24
q 123 24 -19.9
q 123 25 -14.68
q 123 26 -0.13
q 123 27 -5.48
q 123 28 -9.62
q 123 29 -1
q 123 30 -3.66
q 123 31 -9.14
q 123 32 -1.94
q 123 33 -17.4
q 123 34 -11.15
q 123 35 -17.7
q 123 36 -12.42
q 123 37 -1.89
q 123 38 -10.62
q 123 39 -13.71
q 124 0 25.44
q 124 1 24.55
q 124 2 95.86
q 124 3 83.89
q 124 4 51.87
q 124 5 59.92
q 124 6 91.21
q 124 7 53.69
q 124 8 73.89
q 124 9 26.55
q 124 10 82.24
q 124 11 35.46
q 124 12 60.94
q 124 13 94.91
q 124 14 35.25
q 124 15 74.98
q 124 16 74.79
q 124 17 96.85
q 124 18 29.67
q 124 19 84.75
q 124 20 -1.07
q 124 21 -12.06
q 124 22 -2.31
q 124 23 -0.21
q 124 24 -2.8
q 124 25 -13.97
q 124 26 -18.43
q 124 27 -15.73
q 124 28 -5.1
q 124 29 -15.54
q 124 30 -6.37
q 124 31 -5.08
q 124 32 -2.95
q 124 33 -12.96
q 124 34 -12.58
q 124 35 -18.88
q 124 36 -14.68
q 124 37 -7.22
q 124 38 -2.11
q 124 39 -1.42
q 125 0 52.5
q 125 1 41.46
q 125 2 87.84
q 125 3 54.12
q 125 4 38.92
q 125 5 76.01
q 125 6 49.55
q 125 7 38.4
q 125 8 88.38
q 125 9 71.64
q 125 10 66.4
q 125 11 46.24
q 125 12 41.9
q 125 13 81.02
q 125 14 45.11
q 125 15 60
q 125 16 21.95
q 125 17 94.88
q 125 18 26.26
q 125 19 41.44
q 125 20 -7.38
q 125 21 -4.63
q 125 22 -4.27
q 125 23 -8.67
q 125 24 -15.97
q 125 25 -16.8
q 125 26 -12.72
q 125 27 -16.65
q 125 28 -9.02
q 125 29 -12.65
q 125 30 -19.41
q 125 31 -18.45
q 125 32 -15.28
q 125 33 -0.71
q 125 34 -14.36
q 125 35 -7.57
q 125 36 -8.87
q 125 37 -10.4
q 125 38 -1.37
q 125 39 -0.19
q 126 0 77.99
q 126 1 54.54
q 126 2 92.62
q 126 3 23.87
q 126 4 98.44
q 126 5 21.31
q 126 6 85.95
q 126 7 30.16
q 126 8 97.21
q 126 9 22.07
q 126 10 32.56
q 126 11 35.75
q 126 12 53.54
q 126 13 68.25
q 126 14 73.51
q 126 15 77.81
q 126 16 44.2
q 126 17 67.68
q 126 18 59.15
q 126 19 70
q 126 20 -13.7
q 126 21 -4.34
q 126 22 -13.95
q 126 23 -1.21
q 126 24 -9.72
q 126 25 -12.41
q 126 26 -4.23
q 126 27 -13.67
q 126 28 -16.96
q 126 29 -15.96
q 126 30 -13.77
q 126 31 -10.88
q 126 32 -8.77
q 126 33 -14.97
q 126 34 -9.81
q 126 35 -11.08
q 126 36 -11.75
q 126 37 -1.62
q 126 38 -0.46
q 126 39 -18.29
q 127 0 57.45
q 127 1 81.12
q 127 2 29.04
q 127 3 40.83
q 127 4 62.91
q 127 5 86.19
q 127 6 83.11
q 127 7 68.57
q 127 8 63.2
q 127 9 69.2
q 127 10 20.88
q 127 11 23.17
q 127 12 88.81
q 127 13 79.9
q 127 14 40.98
q 127 15 45.28
q 127 16 82.25
q 127 17 47.53
q 127 18 87.58
q 127 19 21.83
q 127 20 -6.09
q 127 21 -14.13
q 127 22 -12.12
q 127 23 -7.41
q 127 24 -13.42
q 127 25 -9.72
q 127 26 -0.91
q 127 27 -19.43
q 127 28 -16.45
q 127 29 -14.23
q 127 30 -15.55
q 127 31 -11.29
q 127 32 -2.01
q 127 33 -9.33
q 127 34 -13.81
q 127 35 -18.61
q 127 36 -10.36
q 127 37 -10.49
q 127 38 -9.38
q 127 39 -5.92
q 128 0 60.94
q 128 1 60.46
q 128 2 55.12
q 128 3 99.5
q 128 4 66.87
q 128 5 70.5
q 128 6 85.19
q 128 7 41.75
q 128 8 68.9
q 128 9 91.78
q 128 10 92.23
q 128 11 46.67
q 128 12 28.14
q 128 13 78.8
q 128 14 79.12
q 128 15 35.22
q 128 16 65.13
q 128 17 66.99
q 128 18 84.29
q 128 19 98.76
q 128 20 -13.61
q 128 21 -16.46
q 128 22 -16.61
q 128 23 -2.9
q 128 24 -17.16
q 128 25 -4.9
q 128 26 -10.86
q 128 27 -15
q 128 28 -2.41
q 128 29 -9.12
q 128 30 -0.49
q 128 31 -17.62
q 128 32 -17.37
q 128 33 -16.5
q 128 34 -10.98
q 128 35 -5.01
q 128 36 -14.95
q 128 37 -13.83
q 128 38 -2.71
q 128 39 -12.06
q 129 0 39.88
q 129 1 20.15
q 129 2 31.92
q 129 3 97.42
q 129 4 41.16
q 129 5 93.14
q 129 6 84.07
q 129 7 75.93
q 129 8 33.13
q 129 9 45.89
q 129 10 23.46
q 129 11 69.59
q 129 12 26.29
q 129 13 99.38
q 129 14 88.65
q 129 15 41.34
q 129 16 52.21
q 129 17 28.83
q 129 18 56.86
q 129 19 63.13
q 129 20 -14.77
q 129 21 -14.21
q 129 22 -13.12
q 129 23 -1.47
q 129 24 -2.72
q 129 25 -3.62
q 129 26 -5.36
q 129 27 -14.72
q 129 28 -9.49
q 129 29 -13.08
q 129 30 -3.08
q 129 31 -14.69
q 129 32 -1.71
q 129 33 -0.91
q 129 34 -12.01
q 129 35 -7.05
q 129 36 -12.72
q 129 37 -13.73
q 129 38 -11.22
q 129 39 -18.06
