130 40
c 0 61 40
c 0 82 40
c 0 88 40
c 0 104 -9
c 0 127 -6
c 0 128 -1
c 1 60 27
c 1 75 27
c 1 91 -20
c 1 93 -22
c 1 110 -17
c 1 123 -21
c 2 62 28
c 2 80 28
c 2 81 28
c 2 82 28
c 2 83 28
c 2 93 -21
c 2 102 -12
c 3 69 17
c 3 75 17
c 3 94 -23
c 3 98 -24
c 3 111 -33
c 3 117 -24
c 4 63 18
c 4 69 18
c 4 84 18
c 4 89 18
c 4 93 -31
c 4 126 -26
c 5 61 41
c 5 85 41
c 5 87 41
c 5 89 41
c 5 100 -8
c 5 126 -3
c 6 63 26
c 6 74 26
c 6 81 26
c 6 99 -20
c 6 114 -23
c 6 124 -21
c 6 125 -21
c 7 60 41
c 7 69 41
c 7 73 41
c 7 74 41
c 7 79 41
c 7 85 41
c 7 88 41
c 7 89 41
c 7 99 -5
c 7 107 -9
c 7 113 1
c 8 60 29
c 8 61 29
c 8 64 29
c 8 67 29
c 8 77 29
c 8 82 29
c 8 83 29
c 8 86 29
c 8 87 29
c 8 88 29
c 8 91 -18
c 8 104 -20
c 8 125 -18
c 9 60 37
c 9 61 37
c 9 63 37
c 9 70 37
c 9 85 37
c 9 88 37
c 9 91 -10
c 9 109 -7
c 9 112 -8
c 9 119 -8
c 10 64 20
c 10 81 20
c 10 84 20
c 10 87 20
c 10 92 -24
c 10 94 -20
c 10 98 -21
c 10 109 -24
c 11 66 45
c 11 67 45
c 11 69 45
c 11 71 45
c 11 73 45
c 11 74 45
c 11 83 45
c 11 87 45
c 11 104 -4
c 11 108 4
c 12 60 42
c 12 63 42
c 12 75 42
c 12 76 42
c 12 82 42
c 12 92 -2
c 12 97 2
c 12 98 1
c 12 105 -3
c 12 116 -3
c 13 61 39
c 13 67 39
c 13 77 39
c 13 80 39
c 13 89 39
c 13 90 -7
c 13 102 -1
c 13 122 -9
c 13 128 -2
c 13 129 -1
c 14 64 44
c 14 65 44
c 14 68 44
c 14 70 44
c 14 72 44
c 14 85 44
c 14 87 44
c 14 97 4
c 14 105 -1
c 15 62 32
c 15 72 32
c 15 74 32
c 15 75 32
c 15 87 32
c 15 88 32
c 15 89 32
c 15 93 -17
c 15 95 -10
c 15 102 -8
c 15 105 -13
c 15 108 -9
c 15 115 -18
c 15 129 -8
c 16 67 23
c 16 79 23
c 16 80 23
c 16 85 23
c 16 86 23
c 16 96 -19
c 16 99 -23
c 16 122 -25
c 16 129 -17
c 17 74 20
c 17 75 20
c 17 76 20
c 17 81 20
c 17 82 20
c 17 83 20
c 17 84 20
c 17 126 -24
c 18 65 45
c 18 67 45
c 18 73 45
c 18 78 45
c 18 81 45
c 18 88 45
c 18 90 -1
c 18 95 3
c 18 114 -4
c 18 123 -3
c 18 124 -2
c 18 126 1
c 19 71 11
c 19 73 11
c 19 76 11
c 19 80 11
c 19 81 11
c 19 82 11
c 19 84 11
c 19 86 11
c 19 92 -33
c 19 97 -29
c 19 104 -38
c 19 125 -36
c 19 129 -29
c 20 66 13
c 20 70 13
c 20 79 13
c 20 80 13
c 20 81 13
c 20 95 -29
c 20 102 -27
c 20 119 -32
c 21 60 45
c 21 63 45
c 21 66 45
c 21 74 45
c 21 77 45
c 21 83 45
c 21 85 45
c 21 99 -1
c 21 109 1
c 21 115 -5
c 21 123 -3
c 21 129 5
c 22 61 16
c 22 64 16
c 22 71 16
c 22 75 16
c 22 77 16
c 22 79 16
c 22 88 16
c 22 108 -25
c 23 61 21
c 23 63 21
c 23 68 21
c 23 70 21
c 23 73 21
c 23 75 21
c 23 84 21
c 23 89 21
c 23 118 -21
c 24 66 28
c 24 71 28
c 24 72 28
c 24 76 28
c 24 80 28
c 24 82 28
c 24 83 28
c 24 84 28
c 24 89 28
c 24 110 -16
c 24 120 -22
c 25 65 38
c 25 70 38
c 25 72 38
c 25 75 38
c 25 78 38
c 25 81 38
c 25 89 38
c 25 90 -8
c 25 106 -6
c 25 115 -12
c 26 68 49
c 26 70 49
c 26 75 49
c 26 79 49
c 26 82 49
c 26 102 9
c 26 110 5
c 26 115 -1
c 26 126 5
c 27 62 49
c 27 65 49
c 27 71 49
c 27 72 49
c 27 78 49
c 27 86 49
c 27 98 8
c 27 105 4
c 27 107 -1
c 28 64 39
c 28 78 39
c 28 87 39
c 28 89 39
c 28 90 -7
c 28 94 -1
c 28 99 -7
c 28 103 -4
c 28 112 -6
c 29 66 38
c 29 75 38
c 29 78 38
c 29 81 38
c 29 87 38
c 29 88 38
c 29 98 -3
c 29 108 -3
c 29 115 -12
c 29 119 -7
c 29 124 -9
c 30 62 28
c 30 65 28
c 30 67 28
c 30 75 28
c 30 79 28
c 30 83 28
c 30 84 28
c 30 116 -17
c 30 121 -17
c 31 62 22
c 31 70 22
c 31 71 22
c 31 72 22
c 31 89 22
c 31 100 -27
c 31 104 -27
c 31 111 -28
c 32 60 21
c 32 61 21
c 32 66 21
c 32 76 21
c 32 81 21
c 32 83 21
c 32 90 -25
c 32 93 -28
c 32 106 -23
c 32 107 -29
c 32 109 -23
c 32 114 -28
c 32 116 -24
c 32 129 -19
c 33 62 36
c 33 63 36
c 33 68 36
c 33 80 36
c 33 81 36
c 33 87 36
c 34 65 10
c 34 68 10
c 34 69 10
c 34 73 10
c 34 84 10
c 34 85 10
c 34 92 -34
c 34 99 -36
c 34 101 -40
c 34 109 -34
c 34 128 -31
c 35 62 21
c 35 68 21
c 35 72 21
c 35 73 21
c 35 76 21
c 35 79 21
c 35 80 21
c 35 83 21
c 35 87 21
c 35 95 -21
c 35 96 -21
c 35 98 -20
c 35 109 -23
c 35 118 -21
c 36 62 33
c 36 64 33
c 36 76 33
c 36 78 33
c 36 82 33
c 36 92 -11
c 36 104 -16
c 36 110 -11
c 37 66 37
c 37 69 37
c 37 78 37
c 37 80 37
c 37 81 37
c 37 84 37
c 37 85 37
c 37 89 37
c 37 113 -3
c 37 115 -13
c 37 128 -4
c 38 70 43
c 38 76 43
c 38 82 43
c 38 92 -1
c 38 95 1
c 38 101 -7
c 38 114 -6
c 38 119 -2
c 38 124 -4
c 38 126 -1
c 39 62 27
c 39 65 27
c 39 66 27
c 39 67 27
c 39 71 27
c 39 74 27
c 39 84 27
c 39 89 27
c 39 98 -14
c 39 101 -23
c 40 62 47
c 40 66 47
c 40 69 47
c 40 73 47
c 40 74 47
c 40 75 47
c 40 79 47
c 40 84 47
c 40 88 47
c 40 100 -2
c 40 101 -3
c 40 103 4
c 40 105 2
c 40 107 -3
c 40 111 -3
c 40 112 2
c 40 123 -1
c 41 69 48
c 41 72 48
c 41 74 48
c 41 79 48
c 41 83 48
c 41 96 6
c 41 116 3
c 41 119 3
c 41 127 2
c 41 129 8
c 42 61 38
c 42 62 38
c 42 65 38
c 42 66 38
c 42 67 38
c 42 71 38
c 42 72 38
c 42 73 38
c 42 75 38
c 42 79 38
c 42 84 38
c 42 93 -11
c 42 94 -2
c 42 105 -7
c 43 60 37
c 43 62 37
c 43 63 37
c 43 67 37
c 43 74 37
c 43 77 37
c 43 81 37
c 43 82 37
c 43 83 37
c 43 84 37
c 43 88 37
c 43 94 -3
c 43 97 -3
c 43 98 -4
c 43 110 -7
c 43 119 -8
c 44 60 39
c 44 62 39
c 44 73 39
c 44 75 39
c 44 85 39
c 45 75 12
c 45 82 12
c 45 83 12
c 45 99 -34
c 45 106 -32
c 45 118 -30
c 45 129 -28
c 46 67 35
c 46 78 35
c 46 80 35
c 46 81 35
c 46 83 35
c 46 98 -6
c 46 103 -8
c 46 117 -6
c 46 118 -7
c 47 60 11
c 47 77 11
c 47 87 11
c 47 104 -38
c 47 117 -30
c 48 66 48
c 48 72 48
c 48 82 48
c 49 64 13
c 49 68 13
c 49 82 13
c 49 84 13
c 49 86 13
c 49 90 -33
c 49 91 -34
c 49 94 -27
c 49 98 -28
c 49 123 -35
c 50 65 26
c 50 67 26
c 50 76 26
c 50 79 26
c 50 80 26
c 50 81 26
c 50 86 26
c 50 120 -24
c 50 125 -21
c 51 61 16
c 51 64 16
c 51 65 16
c 51 75 16
c 51 78 16
c 51 82 16
c 51 85 16
c 51 86 16
c 51 96 -26
c 51 116 -29
c 51 123 -32
c 52 68 32
c 52 77 32
c 52 110 -12
c 52 117 -9
c 52 118 -10
c 53 61 41
c 53 63 41
c 53 67 41
c 53 72 41
c 53 73 41
c 53 79 41
c 53 80 41
c 53 81 41
c 53 111 -9
c 53 122 -7
c 54 70 43
c 54 74 43
c 54 75 43
c 54 80 43
c 54 82 43
c 54 86 43
c 54 99 -3
c 54 107 -7
c 54 108 2
c 54 118 1
c 54 128 2
c 54 129 3
c 55 61 34
c 55 62 34
c 55 66 34
c 55 67 34
c 55 78 34
c 55 85 34
c 55 103 -9
c 55 106 -10
c 55 108 -7
c 55 116 -11
c 55 117 -7
c 55 122 -14
c 56 63 23
c 56 65 23
c 56 72 23
c 56 73 23
c 56 74 23
c 56 79 23
c 56 85 23
c 56 86 23
c 56 106 -21
c 56 110 -21
c 56 115 -27
c 57 65 40
c 57 68 40
c 57 78 40
c 57 79 40
c 57 82 40
c 57 87 40
c 57 88 40
c 57 109 -4
c 57 110 -4
c 57 117 -1
c 58 60 33
c 58 66 33
c 58 78 33
c 58 79 33
c 58 86 33
c 58 93 -16
c 58 101 -17
c 58 121 -12
c 58 126 -11
c 59 60 28
c 59 67 28
c 59 68 28
c 59 73 28
c 59 75 28
c 59 78 28
c 59 81 28
c 59 82 28
c 59 85 28
c 59 91 -19
c 59 95 -14
c 59 112 -17
c 59 118 -14
c 59 125 -19
c 60 90 -46
c 60 92 -44
c 60 93 -49
c 60 94 -40
c 60 99 -46
c 60 107 -50
c 60 110 -44
c 60 114 -49
c 60 115 -50
c 60 116 -45
c 60 125 -47
c 61 103 -43
c 61 104 -49
c 61 107 -50
c 61 108 -41
c 61 109 -44
c 61 113 -40
c 61 116 -45
c 61 122 -48
c 61 127 -46
c 62 103 -43
c 62 108 -41
c 62 118 -42
c 62 125 -47
c 63 94 -40
c 63 99 -46
c 63 100 -49
c 63 101 -50
c 63 105 -45
c 63 111 -50
c 63 119 -45
c 63 121 -45
c 63 125 -47
c 64 92 -44
c 64 95 -42
c 64 100 -49
c 64 104 -49
c 64 105 -45
c 64 110 -44
c 64 112 -45
c 64 114 -49
c 64 117 -41
c 64 121 -45
c 65 90 -46
c 65 98 -41
c 65 106 -44
c 65 118 -42
c 65 128 -41
c 66 92 -44
c 66 104 -49
c 66 118 -42
c 66 121 -45
c 67 96 -42
c 67 97 -40
c 67 98 -41
c 67 99 -46
c 67 109 -44
c 67 112 -45
c 67 114 -49
c 67 120 -50
c 67 123 -48
c 67 124 -47
c 67 126 -44
c 67 128 -41
c 67 129 -40
c 68 93 -49
c 68 96 -42
c 68 98 -41
c 68 113 -40
c 68 125 -47
c 68 128 -41
c 69 99 -46
c 69 103 -43
c 69 104 -49
c 69 105 -45
c 69 106 -44
c 69 107 -50
c 69 109 -44
c 69 119 -45
c 69 120 -50
c 69 124 -47
c 70 93 -49
c 70 98 -41
c 70 105 -45
c 70 107 -50
c 70 112 -45
c 70 121 -45
c 70 123 -48
c 70 125 -47
c 71 104 -49
c 71 109 -44
c 71 110 -44
c 71 112 -45
c 71 118 -42
c 71 119 -45
c 71 120 -50
c 71 125 -47
c 71 127 -46
c 71 129 -40
c 72 93 -49
c 72 95 -42
c 72 101 -50
c 72 102 -40
c 72 105 -45
c 72 106 -44
c 72 120 -50
c 73 94 -40
c 73 96 -42
c 73 98 -41
c 73 100 -49
c 73 104 -49
c 73 114 -49
c 73 116 -45
c 73 119 -45
c 73 120 -50
c 73 124 -47
c 73 127 -46
c 73 128 -41
c 74 95 -42
c 74 96 -42
c 74 99 -46
c 74 102 -40
c 74 104 -49
c 74 106 -44
c 74 111 -50
c 74 113 -40
c 74 123 -48
c 75 93 -49
c 75 96 -42
c 75 98 -41
c 75 111 -50
c 75 120 -50
c 75 127 -46
c 75 128 -41
c 76 95 -42
c 76 98 -41
c 76 103 -43
c 76 109 -44
c 77 91 -47
c 77 94 -40
c 77 104 -49
c 77 110 -44
c 77 118 -42
c 77 124 -47
c 77 129 -40
c 78 90 -46
c 78 101 -50
c 78 104 -49
c 78 116 -45
c 79 95 -42
c 79 96 -42
c 79 99 -46
c 79 105 -45
c 79 109 -44
c 79 116 -45
c 79 119 -45
c 79 126 -44
c 79 128 -41
c 80 90 -46
c 80 94 -40
c 80 96 -42
c 80 98 -41
c 80 102 -40
c 80 118 -42
c 80 121 -45
c 80 123 -48
c 80 124 -47
c 81 91 -47
c 81 101 -50
c 81 106 -44
c 81 108 -41
c 81 109 -44
c 81 110 -44
c 81 115 -50
c 81 126 -44
c 81 129 -40
c 82 90 -46
c 82 101 -50
c 82 105 -45
c 82 106 -44
c 82 108 -41
c 82 116 -45
c 82 119 -45
c 82 120 -50
c 82 122 -48
c 82 127 -46
c 83 93 -49
c 83 98 -41
c 83 111 -50
c 83 119 -45
c 83 126 -44
c 83 128 -41
c 83 129 -40
c 84 97 -40
c 84 100 -49
c 84 115 -50
c 84 124 -47
c 84 128 -41
c 85 94 -40
c 85 97 -40
c 85 101 -50
c 85 102 -40
c 85 103 -43
c 85 106 -44
c 85 114 -49
c 85 119 -45
c 86 95 -42
c 86 98 -41
c 86 104 -49
c 86 106 -44
c 86 117 -41
c 86 121 -45
c 86 125 -47
c 86 126 -44
c 87 96 -42
c 87 102 -40
c 87 103 -43
c 87 112 -45
c 87 113 -40
c 87 116 -45
c 87 127 -46
c 88 92 -44
c 88 107 -50
c 88 110 -44
c 88 114 -49
c 88 118 -42
c 88 122 -48
c 88 124 -47
c 89 101 -50
c 89 109 -44
c 89 118 -42
c 89 121 -45
c 89 124 -47
c 89 125 -47
bu 0 169
bu 1 246
bu 2 188
bu 3 260
bu 4 47
bu 5 43
bu 6 145
bu 7 31
bu 8 161
bu 9 189
bu 10 162
bu 11 209
bu 12 290
bu 13 198
bu 14 150
bu 15 147
bu 16 56
bu 17 116
bu 18 8
bu 19 38
bu 20 300
bu 21 7
bu 22 285
bu 23 219
bu 24 224
bu 25 49
bu 26 29
bu 27 115
bu 28 65
bu 29 40
bu 30 106
bu 31 25
bu 32 69
bu 33 195
bu 34 255
bu 35 221
bu 36 104
bu 37 137
bu 38 5
bu 39 273
bu 40 255
bu 41 52
bu 42 70
bu 43 40
bu 44 269
bu 45 88
bu 46 108
bu 47 78
bu 48 44
bu 49 240
bu 50 296
bu 51 44
bu 52 128
bu 53 174
bu 54 27
bu 55 47
bu 56 207
bu 57 303
bu 58 55
bu 59 150
bu 60 194
bu 61 196
bu 62 139
bu 63 131
bu 64 75
bu 65 150
bu 66 50
bu 67 54
bu 68 123
bu 69 134
bu 70 63
bu 71 56
bu 72 93
bu 73 85
bu 74 66
bu 75 74
bu 76 196
bu 77 160
bu 78 107
bu 79 52
bu 80 185
bu 81 119
bu 82 181
bu 83 172
bu 84 187
bu 85 57
bu 86 120
bu 87 132
bu 88 61
bu 89 135
bu 90 225
bu 91 69
bu 92 243
bu 93 222
bu 94 236
bu 95 94
bu 96 15
bu 97 68
bu 98 164
bu 99 253
bu 100 212
bu 101 149
bu 102 146
bu 103 127
bu 104 12
bu 105 230
bu 106 276
bu 107 202
bu 108 8
bu 109 146
bu 110 124
bu 111 253
bu 112 211
bu 113 117
bu 114 176
bu 115 61
bu 116 45
bu 117 187
bu 118 117
bu 119 85
bu 120 163
bu 121 171
bu 122 67
bu 123 111
bu 124 2
bu 125 72
bu 126 3
bu 127 71
bu 128 98
bu 129 289
q 0 0 70.86
q 0 1 79.69
q 0 2 69.88
q 0 3 70.28
q 0 4 44.57
q 0 5 52.14
q 0 6 12.48
q 0 7 56.08
q 0 8 48.27
q 0 9 46.27
q 0 10 77.24
q 0 11 76.56
q 0 12 18.66
q 0 13 43.58
q 0 14 5.4
q 0 15 48.64
q 0 16 61.71
q 0 17 37.6
q 0 18 23.91
q 0 19 11.28
q 0 20 -70.86
q 0 21 -79.69
q 0 22 -69.88
q 0 23 -70.28
q 0 24 -44.57
q 0 25 -52.14
q 0 26 -12.48
q 0 27 -56.08
q 0 28 -48.27
q 0 29 -46.27
q 0 30 -77.24
q 0 31 -76.56
q 0 32 -18.66
q 0 33 -43.58
q 0 34 -5.4
q 0 35 -48.64
q 0 36 -61.71
q 0 37 -37.6
q 0 38 -23.91
q 0 39 -11.28
q 1 0 29.07
q 1 1 61.59
q 1 2 11.52
q 1 3 69.82
q 1 4 6.3
q 1 5 29.57
q 1 6 59.14
q 1 7 51.41
q 1 8 59.12
q 1 9 54.02
q 1 10 40.44
q 1 11 45.78
q 1 12 28.41
q 1 13 32.24
q 1 14 53.21
q 1 15 66.86
q 1 16 6.46
q 1 17 33.52
q 1 18 44.5
q 1 19 22.19
q 1 20 -29.07
q 1 21 -61.59
q 1 22 -11.52
q 1 23 -69.82
q 1 24 -6.3
q 1 25 -29.57
q 1 26 -59.14
q 1 27 -51.41
q 1 28 -59.12
q 1 29 -54.02
q 1 30 -40.44
q 1 31 -45.78
q 1 32 -28.41
q 1 33 -32.24
q 1 34 -53.21
q 1 35 -66.86
q 1 36 -6.46
q 1 37 -33.52
q 1 38 -44.5
q 1 39 -22.19
q 2 0 7.82
q 2 1 5.09
q 2 2 18.16
q 2 3 61.57
q 2 4 18.44
q 2 5 2.82
q 2 6 0.28
q 2 7 27.66
q 2 8 20.97
q 2 9 1.83
q 2 10 3.53
q 2 11 76.06
q 2 12 54.29
q 2 13 28.32
q 2 14 56.67
q 2 15 46.64
q 2 16 59.23
q 2 17 1.1
q 2 18 40.13
q 2 19 21.07
q 2 20 -7.82
q 2 21 -5.09
q 2 22 -18.16
q 2 23 -61.57
q 2 24 -18.44
q 2 25 -2.82
q 2 26 -0.28
q 2 27 -27.66
q 2 28 -20.97
q 2 29 -1.83
q 2 30 -3.53
q 2 31 -76.06
q 2 32 -54.29
q 2 33 -28.32
q 2 34 -56.67
q 2 35 -46.64
q 2 36 -59.23
q 2 37 -1.1
q 2 38 -40.13
q 2 39 -21.07
q 3 0 44.49
q 3 1 16.77
q 3 2 36.27
q 3 3 51.2
q 3 4 76.71
q 3 5 2.26
q 3 6 65.6
q 3 7 62.27
q 3 8 3.96
q 3 9 53.99
q 3 10 54.43
q 3 11 23.23
q 3 12 74.81
q 3 13 70.43
q 3 14 19.49
q 3 15 9.42
q 3 16 34.99
q 3 17 50.66
q 3 18 69.66
q 3 19 2.79
q 3 20 -44.49
q 3 21 -16.77
q 3 22 -36.27
q 3 23 -51.2
q 3 24 -76.71
q 3 25 -2.26
q 3 26 -65.6
q 3 27 -62.27
q 3 28 -3.96
q 3 29 -53.99
q 3 30 -54.43
q 3 31 -23.23
q 3 32 -74.81
q 3 33 -70.43
q 3 34 -19.49
q 3 35 -9.42
q 3 36 -34.99
q 3 37 -50.66
q 3 38 -69.66
q 3 39 -2.79
q 4 0 76.2
q 4 1 62.44
q 4 2 1.11
q 4 3 79.01
q 4 4 47.57
q 4 5 69.23
q 4 6 41.78
q 4 7 25.51
q 4 8 58.93
q 4 9 75.64
q 4 10 22.28
q 4 11 37.54
q 4 12 68.85
q 4 13 77.13
q 4 14 48.62
q 4 15 1.29
q 4 16 51.51
q 4 17 33.82
q 4 18 58.01
q 4 19 53.49
q 4 20 -76.2
q 4 21 -62.44
q 4 22 -1.11
q 4 23 -79.01
q 4 24 -47.57
q 4 25 -69.23
q 4 26 -41.78
q 4 27 -25.51
q 4 28 -58.93
q 4 29 -75.64
q 4 30 -22.28
q 4 31 -37.54
q 4 32 -68.85
q 4 33 -77.13
q 4 34 -48.62
q 4 35 -1.29
q 4 36 -51.51
q 4 37 -33.82
q 4 38 -58.01
q 4 39 -53.49
q 5 0 49.91
q 5 1 65.64
q 5 2 79.59
q 5 3 58.46
q 5 4 72.81
q 5 5 19.82
q 5 6 41.62
q 5 7 29.03
q 5 8 67.54
q 5 9 9.53
q 5 10 43.97
q 5 11 72.19
q 5 12 36.17
q 5 13 61.85
q 5 14 6.76
q 5 15 28.29
q 5 16 80
q 5 17 22.05
q 5 18 44.36
q 5 19 52.67
q 5 20 -49.91
q 5 21 -65.64
q 5 22 -79.59
q 5 23 -58.46
q 5 24 -72.81
q 5 25 -19.82
q 5 26 -41.62
q 5 27 -29.03
q 5 28 -67.54
q 5 29 -9.53
q 5 30 -43.97
q 5 31 -72.19
q 5 32 -36.17
q 5 33 -61.85
q 5 34 -6.76
q 5 35 -28.29
q 5 36 -80
q 5 37 -22.05
q 5 38 -44.36
q 5 39 -52.67
q 6 0 4.7
q 6 1 40.67
q 6 2 27.59
q 6 3 27.32
q 6 4 50.19
q 6 5 40.76
q 6 6 50.07
q 6 7 68.2
q 6 8 5.47
q 6 9 7.26
q 6 10 29.03
q 6 11 21.4
q 6 12 55.99
q 6 13 23.57
q 6 14 42.96
q 6 15 60.18
q 6 16 62.78
q 6 17 5.88
q 6 18 52.74
q 6 19 18.74
q 6 20 -4.7
q 6 21 -40.67
q 6 22 -27.59
q 6 23 -27.32
q 6 24 -50.19
q 6 25 -40.76
q 6 26 -50.07
q 6 27 -68.2
q 6 28 -5.47
q 6 29 -7.26
q 6 30 -29.03
q 6 31 -21.4
q 6 32 -55.99
q 6 33 -23.57
q 6 34 -42.96
q 6 35 -60.18
q 6 36 -62.78
q 6 37 -5.88
q 6 38 -52.74
q 6 39 -18.74
q 7 0 46.9
q 7 1 20.92
q 7 2 17.57
q 7 3 31.59
q 7 4 76.59
q 7 5 4.85
q 7 6 10.49
q 7 7 25.06
q 7 8 17.68
q 7 9 58.46
q 7 10 59.96
q 7 11 57.2
q 7 12 49.64
q 7 13 27.39
q 7 14 14.96
q 7 15 62.09
q 7 16 33.88
q 7 17 36.45
q 7 18 24.4
q 7 19 13.64
q 7 20 -46.9
q 7 21 -20.92
q 7 22 -17.57
q 7 23 -31.59
q 7 24 -76.59
q 7 25 -4.85
q 7 26 -10.49
q 7 27 -25.06
q 7 28 -17.68
q 7 29 -58.46
q 7 30 -59.96
q 7 31 -57.2
q 7 32 -49.64
q 7 33 -27.39
q 7 34 -14.96
q 7 35 -62.09
q 7 36 -33.88
q 7 37 -36.45
q 7 38 -24.4
q 7 39 -13.64
q 8 0 37.33
q 8 1 47.74
q 8 2 49.19
q 8 3 43.48
q 8 4 0.53
q 8 5 65.33
q 8 6 74.02
q 8 7 59.03
q 8 8 57.55
q 8 9 32.48
q 8 10 59.29
q 8 11 74.78
q 8 12 34.9
q 8 13 53.72
q 8 14 31.8
q 8 15 66.46
q 8 16 12.58
q 8 17 24.8
q 8 18 51.12
q 8 19 10.1
q 8 20 -37.33
q 8 21 -47.74
q 8 22 -49.19
q 8 23 -43.48
q 8 24 -0.53
q 8 25 -65.33
q 8 26 -74.02
q 8 27 -59.03
q 8 28 -57.55
q 8 29 -32.48
q 8 30 -59.29
q 8 31 -74.78
q 8 32 -34.9
q 8 33 -53.72
q 8 34 -31.8
q 8 35 -66.46
q 8 36 -12.58
q 8 37 -24.8
q 8 38 -51.12
q 8 39 -10.1
q 9 0 25.37
q 9 1 23.73
q 9 2 60.05
q 9 3 72.64
q 9 4 43.49
q 9 5 69.52
q 9 6 40.1
q 9 7 6.05
q 9 8 72.84
q 9 9 29.74
q 9 10 51.68
q 9 11 22.47
q 9 12 17.68
q 9 13 59.1
q 9 14 64.44
q 9 15 4.3
q 9 16 17.85
q 9 17 60.78
q 9 18 33.55
q 9 19 71.97
q 9 20 -25.37
q 9 21 -23.73
q 9 22 -60.05
q 9 23 -72.64
q 9 24 -43.49
q 9 25 -69.52
q 9 26 -40.1
q 9 27 -6.05
q 9 28 -72.84
q 9 29 -29.74
q 9 30 -51.68
q 9 31 -22.47
q 9 32 -17.68
q 9 33 -59.1
q 9 34 -64.44
q 9 35 -4.3
q 9 36 -17.85
q 9 37 -60.78
q 9 38 -33.55
q 9 39 -71.97
q 10 0 3.01
q 10 1 6.11
q 10 2 45.36
q 10 3 27.45
q 10 4 75.43
q 10 5 72.9
q 10 6 52.12
q 10 7 56.99
q 10 8 7.62
q 10 9 55.18
q 10 10 64.17
q 10 11 8.25
q 10 12 51.6
q 10 13 6.71
q 10 14 73.83
q 10 15 41.48
q 10 16 2.07
q 10 17 17.42
q 10 18 24.46
q 10 19 70.98
q 10 20 -3.01
q 10 21 -6.11
q 10 22 -45.36
q 10 23 -27.45
q 10 24 -75.43
q 10 25 -72.9
q 10 26 -52.12
q 10 27 -56.99
q 10 28 -7.62
q 10 29 -55.18
q 10 30 -64.17
q 10 31 -8.25
q 10 32 -51.6
q 10 33 -6.71
q 10 34 -73.83
q 10 35 -41.48
q 10 36 -2.07
q 10 37 -17.42
q 10 38 -24.46
q 10 39 -70.98
q 11 0 19.41
q 11 1 16.61
q 11 2 67.41
q 11 3 9.06
q 11 4 51.21
q 11 5 23.01
q 11 6 78.55
q 11 7 63.87
q 11 8 49.25
q 11 9 12.2
q 11 10 42.56
q 11 11 73.18
q 11 12 65.77
q 11 13 2.68
q 11 14 21.15
q 11 15 65.14
q 11 16 56.97
q 11 17 28.43
q 11 18 39.27
q 11 19 15.95
q 11 20 -19.41
q 11 21 -16.61
q 11 22 -67.41
q 11 23 -9.06
q 11 24 -51.21
q 11 25 -23.01
q 11 26 -78.55
q 11 27 -63.87
q 11 28 -49.25
q 11 29 -12.2
q 11 30 -42.56
q 11 31 -73.18
q 11 32 -65.77
q 11 33 -2.68
q 11 34 -21.15
q 11 35 -65.14
q 11 36 -56.97
q 11 37 -28.43
q 11 38 -39.27
q 11 39 -15.95
q 12 0 39.21
q 12 1 46.37
q 12 2 48.93
q 12 3 30.58
q 12 4 15.39
q 12 5 20.14
q 12 6 14.26
q 12 7 42.4
q 12 8 23.21
q 12 9 7.44
q 12 10 53.26
q 12 11 79.22
q 12 12 68.64
q 12 13 57.73
q 12 14 55.77
q 12 15 76.58
q 12 16 35.61
q 12 17 63.47
q 12 18 34.66
q 12 19 3.75
q 12 20 -39.21
q 12 21 -46.37
q 12 22 -48.93
q 12 23 -30.58
q 12 24 -15.39
q 12 25 -20.14
q 12 26 -14.26
q 12 27 -42.4
q 12 28 -23.21
q 12 29 -7.44
q 12 30 -53.26
q 12 31 -79.22
q 12 32 -68.64
q 12 33 -57.73
q 12 34 -55.77
q 12 35 -76.58
q 12 36 -35.61
q 12 37 -63.47
q 12 38 -34.66
q 12 39 -3.75
q 13 0 55.43
q 13 1 64.8
q 13 2 55.31
q 13 3 7.72
q 13 4 67.4
q 13 5 69.55
q 13 6 60.57
q 13 7 6.19
q 13 8 26.72
q 13 9 24.6
q 13 10 74.54
q 13 11 19.26
q 13 12 0.96
q 13 13 47.78
q 13 14 34.45
q 13 15 74.51
q 13 16 14.53
q 13 17 31.22
q 13 18 8.01
q 13 19 20.33
q 13 20 -55.43
q 13 21 -64.8
q 13 22 -55.31
q 13 23 -7.72
q 13 24 -67.4
q 13 25 -69.55
q 13 26 -60.57
q 13 27 -6.19
q 13 28 -26.72
q 13 29 -24.6
q 13 30 -74.54
q 13 31 -19.26
q 13 32 -0.96
q 13 33 -47.78
q 13 34 -34.45
q 13 35 -74.51
q 13 36 -14.53
q 13 37 -31.22
q 13 38 -8.01
q 13 39 -20.33
q 14 0 9.32
q 14 1 6.65
q 14 2 42.6
q 14 3 34.41
q 14 4 13.2
q 14 5 32.79
q 14 6 76.86
q 14 7 8.97
q 14 8 36.97
q 14 9 76.57
q 14 10 75.92
q 14 11 51.02
q 14 12 30.6
q 14 13 7.43
q 14 14 36.29
q 14 15 48.04
q 14 16 25.27
q 14 17 2.88
q 14 18 47.79
q 14 19 58.56
q 14 20 -9.32
q 14 21 -6.65
q 14 22 -42.6
q 14 23 -34.41
q 14 24 -13.2
q 14 25 -32.79
q 14 26 -76.86
q 14 27 -8.97
q 14 28 -36.97
q 14 29 -76.57
q 14 30 -75.92
q 14 31 -51.02
q 14 32 -30.6
q 14 33 -7.43
q 14 34 -36.29
q 14 35 -48.04
q 14 36 -25.27
q 14 37 -2.88
q 14 38 -47.79
q 14 39 -58.56
q 15 0 36.35
q 15 1 69.58
q 15 2 19.07
q 15 3 69.49
q 15 4 1.3
q 15 5 35.32
q 15 6 44.75
q 15 7 21.61
q 15 8 35.43
q 15 9 62.59
q 15 10 69.58
q 15 11 19.42
q 15 12 36.44
q 15 13 72.85
q 15 14 15.57
q 15 15 40.03
q 15 16 49.92
q 15 17 35.29
q 15 18 8.05
q 15 19 75.84
q 15 20 -36.35
q 15 21 -69.58
q 15 22 -19.07
q 15 23 -69.49
q 15 24 -1.3
q 15 25 -35.32
q 15 26 -44.75
q 15 27 -21.61
q 15 28 -35.43
q 15 29 -62.59
q 15 30 -69.58
q 15 31 -19.42
q 15 32 -36.44
q 15 33 -72.85
q 15 34 -15.57
q 15 35 -40.03
q 15 36 -49.92
q 15 37 -35.29
q 15 38 -8.05
q 15 39 -75.84
q 16 0 1.76
q 16 1 5.58
q 16 2 25.12
q 16 3 20.03
q 16 4 18.07
q 16 5 63.66
q 16 6 61.4
q 16 7 13.24
q 16 8 79.9
q 16 9 20.34
q 16 10 53
q 16 11 67.21
q 16 12 39.2
q 16 13 5.36
q 16 14 27.19
q 16 15 12.08
q 16 16 18.77
q 16 17 4.14
q 16 18 22.94
q 16 19 33.25
q 16 20 -1.76
q 16 21 -5.58
q 16 22 -25.12
q 16 23 -20.03
q 16 24 -18.07
q 16 25 -63.66
q 16 26 -61.4
q 16 27 -13.24
q 16 28 -79.9
q 16 29 -20.34
q 16 30 -53
q 16 31 -67.21
q 16 32 -39.2
q 16 33 -5.36
q 16 34 -27.19
q 16 35 -12.08
q 16 36 -18.77
q 16 37 -4.14
q 16 38 -22.94
q 16 39 -33.25
q 17 0 4.47
q 17 1 3.51
q 17 2 39.39
q 17 3 78.65
q 17 4 49.94
q 17 5 9.93
q 17 6 67.48
q 17 7 5.78
q 17 8 57.76
q 17 9 7.64
q 17 10 79.42
q 17 11 70.09
q 17 12 45.4
q 17 13 1.41
q 17 14 43.41
q 17 15 11.96
q 17 16 7.44
q 17 17 53.21
q 17 18 63.06
q 17 19 71.23
q 17 20 -4.47
q 17 21 -3.51
q 17 22 -39.39
q 17 23 -78.65
q 17 24 -49.94
q 17 25 -9.93
q 17 26 -67.48
q 17 27 -5.78
q 17 28 -57.76
q 17 29 -7.64
q 17 30 -79.42
q 17 31 -70.09
q 17 32 -45.4
q 17 33 -1.41
q 17 34 -43.41
q 17 35 -11.96
q 17 36 -7.44
q 17 37 -53.21
q 17 38 -63.06
q 17 39 -71.23
q 18 0 8.93
q 18 1 49.05
q 18 2 17.08
q 18 3 9.49
q 18 4 39.14
q 18 5 57.94
q 18 6 33.93
q 18 7 24.39
q 18 8 73.82
q 18 9 46.7
q 18 10 74.52
q 18 11 44.16
q 18 12 61.02
q 18 13 51.43
q 18 14 66.05
q 18 15 70.43
q 18 16 46.7
q 18 17 58.49
q 18 18 60.1
q 18 19 61.74
q 18 20 -8.93
q 18 21 -49.05
q 18 22 -17.08
q 18 23 -9.49
q 18 24 -39.14
q 18 25 -57.94
q 18 26 -33.93
q 18 27 -24.39
q 18 28 -73.82
q 18 29 -46.7
q 18 30 -74.52
q 18 31 -44.16
q 18 32 -61.02
q 18 33 -51.43
q 18 34 -66.05
q 18 35 -70.43
q 18 36 -46.7
q 18 37 -58.49
q 18 38 -60.1
q 18 39 -61.74
q 19 0 27.44
q 19 1 16.45
q 19 2 3.15
q 19 3 58.41
q 19 4 77.36
q 19 5 28.3
q 19 6 28.08
q 19 7 72.23
q 19 8 73.33
q 19 9 3.61
q 19 10 59.44
q 19 11 43.6
q 19 12 47.57
q 19 13 68.96
q 19 14 65.41
q 19 15 18.12
q 19 16 50.92
q 19 17 47.88
q 19 18 16.43
q 19 19 37.61
q 19 20 -27.44
q 19 21 -16.45
q 19 22 -3.15
q 19 23 -58.41
q 19 24 -77.36
q 19 25 -28.3
q 19 26 -28.08
q 19 27 -72.23
q 19 28 -73.33
q 19 29 -3.61
q 19 30 -59.44
q 19 31 -43.6
q 19 32 -47.57
q 19 33 -68.96
q 19 34 -65.41
q 19 35 -18.12
q 19 36 -50.92
q 19 37 -47.88
q 19 38 -16.43
q 19 39 -37.61
q 20 0 77.22
q 20 1 56.14
q 20 2 29.69
q 20 3 73.63
q 20 4 51.92
q 20 5 63.85
q 20 6 72.53
q 20 7 1.88
q 20 8 63.94
q 20 9 21.81
q 20 10 45.04
q 20 11 40.41
q 20 12 2.62
q 20 13 8.28
q 20 14 17.12
q 20 15 4.55
q 20 16 2.82
q 20 17 74.86
q 20 18 29.44
q 20 19 45.69
q 20 20 -77.22
q 20 21 -56.14
q 20 22 -29.69
q 20 23 -73.63
q 20 24 -51.92
q 20 25 -63.85
q 20 26 -72.53
q 20 27 -1.88
q 20 28 -63.94
q 20 29 -21.81
q 20 30 -45.04
q 20 31 -40.41
q 20 32 -2.62
q 20 33 -8.28
q 20 34 -17.12
q 20 35 -4.55
q 20 36 -2.82
q 20 37 -74.86
q 20 38 -29.44
q 20 39 -45.69
q 21 0 75.72
q 21 1 12.23
q 21 2 27.81
q 21 3 73.4
q 21 4 15.72
q 21 5 31.39
q 21 6 50.78
q 21 7 52.18
q 21 8 72.15
q 21 9 21.12
q 21 10 29.56
q 21 11 51.44
q 21 12 34.99
q 21 13 55.01
q 21 14 44.71
q 21 15 34.68
q 21 16 47.61
q 21 17 20.46
q 21 18 6.57
q 21 19 18.98
q 21 20 -75.72
q 21 21 -12.23
q 21 22 -27.81
q 21 23 -73.4
q 21 24 -15.72
q 21 25 -31.39
q 21 26 -50.78
q 21 27 -52.18
q 21 28 -72.15
q 21 29 -21.12
q 21 30 -29.56
q 21 31 -51.44
q 21 32 -34.99
q 21 33 -55.01
q 21 34 -44.71
q 21 35 -34.68
q 21 36 -47.61
q 21 37 -20.46
q 21 38 -6.57
q 21 39 -18.98
q 22 0 14.5
q 22 1 67.14
q 22 2 16.11
q 22 3 66.48
q 22 4 52.61
q 22 5 45.64
q 22 6 42.48
q 22 7 65.38
q 22 8 60.91
q 22 9 50.42
q 22 10 46.71
q 22 11 69.61
q 22 12 1.76
q 22 13 38.6
q 22 14 21.84
q 22 15 55.68
q 22 16 71.55
q 22 17 33.01
q 22 18 45.25
q 22 19 55.76
q 22 20 -14.5
q 22 21 -67.14
q 22 22 -16.11
q 22 23 -66.48
q 22 24 -52.61
q 22 25 -45.64
q 22 26 -42.48
q 22 27 -65.38
q 22 28 -60.91
q 22 29 -50.42
q 22 30 -46.71
q 22 31 -69.61
q 22 32 -1.76
q 22 33 -38.6
q 22 34 -21.84
q 22 35 -55.68
q 22 36 -71.55
q 22 37 -33.01
q 22 38 -45.25
q 22 39 -55.76
q 23 0 26.79
q 23 1 20.16
q 23 2 55.52
q 23 3 21.58
q 23 4 9.97
q 23 5 69.23
q 23 6 42.35
q 23 7 40.92
q 23 8 79.71
q 23 9 35.68
q 23 10 35.02
q 23 11 73.55
q 23 12 48.8
q 23 13 42.23
q 23 14 70.76
q 23 15 54.46
q 23 16 76.65
q 23 17 23.24
q 23 18 35.27
q 23 19 79.89
q 23 20 -26.79
q 23 21 -20.16
q 23 22 -55.52
q 23 23 -21.58
q 23 24 -9.97
q 23 25 -69.23
q 23 26 -42.35
q 23 27 -40.92
q 23 28 -79.71
q 23 29 -35.68
q 23 30 -35.02
q 23 31 -73.55
q 23 32 -48.8
q 23 33 -42.23
q 23 34 -70.76
q 23 35 -54.46
q 23 36 -76.65
q 23 37 -23.24
q 23 38 -35.27
q 23 39 -79.89
q 24 0 59.53
q 24 1 46.71
q 24 2 42.97
q 24 3 64.53
q 24 4 29.26
q 24 5 67.07
q 24 6 13.03
q 24 7 30.83
q 24 8 11.72
q 24 9 65.04
q 24 10 61.22
q 24 11 4.52
q 24 12 40.2
q 24 13 75.48
q 24 14 27.52
q 24 15 0.05
q 24 16 39.81
q 24 17 67.45
q 24 18 31.42
q 24 19 51.35
q 24 20 -59.53
q 24 21 -46.71
q 24 22 -42.97
q 24 23 -64.53
q 24 24 -29.26
q 24 25 -67.07
q 24 26 -13.03
q 24 27 -30.83
q 24 28 -11.72
q 24 29 -65.04
q 24 30 -61.22
q 24 31 -4.52
q 24 32 -40.2
q 24 33 -75.48
q 24 34 -27.52
q 24 35 -0.05
q 24 36 -39.81
q 24 37 -67.45
q 24 38 -31.42
q 24 39 -51.35
q 25 0 20.32
q 25 1 41.39
q 25 2 2.29
q 25 3 12.99
q 25 4 43.31
q 25 5 67.3
q 25 6 60.68
q 25 7 74.13
q 25 8 39.78
q 25 9 24.69
q 25 10 52.18
q 25 11 50.82
q 25 12 26.68
q 25 13 44.83
q 25 14 59.25
q 25 15 22.88
q 25 16 31.65
q 25 17 39.74
q 25 18 56.23
q 25 19 60.8
q 25 20 -20.32
q 25 21 -41.39
q 25 22 -2.29
q 25 23 -12.99
q 25 24 -43.31
q 25 25 -67.3
q 25 26 -60.68
q 25 27 -74.13
q 25 28 -39.78
q 25 29 -24.69
q 25 30 -52.18
q 25 31 -50.82
q 25 32 -26.68
q 25 33 -44.83
q 25 34 -59.25
q 25 35 -22.88
q 25 36 -31.65
q 25 37 -39.74
q 25 38 -56.23
q 25 39 -60.8
q 26 0 38.12
q 26 1 17.84
q 26 2 1.38
q 26 3 40.02
q 26 4 45.83
q 26 5 57.4
q 26 6 67.53
q 26 7 8.35
q 26 8 51.71
q 26 9 5.63
q 26 10 65.31
q 26 11 12.84
q 26 12 42.72
q 26 13 60.1
q 26 14 32.89
q 26 15 52.89
q 26 16 15.53
q 26 17 42.19
q 26 18 51.27
q 26 19 23.72
q 26 20 -38.12
q 26 21 -17.84
q 26 22 -1.38
q 26 23 -40.02
q 26 24 -45.83
q 26 25 -57.4
q 26 26 -67.53
q 26 27 -8.35
q 26 28 -51.71
q 26 29 -5.63
q 26 30 -65.31
q 26 31 -12.84
q 26 32 -42.72
q 26 33 -60.1
q 26 34 -32.89
q 26 35 -52.89
q 26 36 -15.53
q 26 37 -42.19
q 26 38 -51.27
q 26 39 -23.72
q 27 0 40.26
q 27 1 79.39
q 27 2 70.29
q 27 3 59.23
q 27 4 78.39
q 27 5 67.49
q 27 6 67.58
q 27 7 15.44
q 27 8 4.54
q 27 9 79.72
q 27 10 19.12
q 27 11 28.02
q 27 12 71.16
q 27 13 60.75
q 27 14 37.92
q 27 15 11.87
q 27 16 43.36
q 27 17 68.1
q 27 18 18.09
q 27 19 3.33
q 27 20 -40.26
q 27 21 -79.39
q 27 22 -70.29
q 27 23 -59.23
q 27 24 -78.39
q 27 25 -67.49
q 27 26 -67.58
q 27 27 -15.44
q 27 28 -4.54
q 27 29 -79.72
q 27 30 -19.12
q 27 31 -28.02
q 27 32 -71.16
q 27 33 -60.75
q 27 34 -37.92
q 27 35 -11.87
q 27 36 -43.36
q 27 37 -68.1
q 27 38 -18.09
q 27 39 -3.33
q 28 0 53.56
q 28 1 17.06
q 28 2 39.6
q 28 3 60.49
q 28 4 23.74
q 28 5 68.31
q 28 6 77.97
q 28 7 72.38
q 28 8 65.63
q 28 9 28.92
q 28 10 30.39
q 28 11 11.08
q 28 12 8.51
q 28 13 79.77
q 28 14 0.94
q 28 15 51.86
q 28 16 23.22
q 28 17 16.71
q 28 18 3.17
q 28 19 35.59
q 28 20 -53.56
q 28 21 -17.06
q 28 22 -39.6
q 28 23 -60.49
q 28 24 -23.74
q 28 25 -68.31
q 28 26 -77.97
q 28 27 -72.38
q 28 28 -65.63
q 28 29 -28.92
q 28 30 -30.39
q 28 31 -11.08
q 28 32 -8.51
q 28 33 -79.77
q 28 34 -0.94
q 28 35 -51.86
q 28 36 -23.22
q 28 37 -16.71
q 28 38 -3.17
q 28 39 -35.59
q 29 0 13.83
q 29 1 4.74
q 29 2 35.86
q 29 3 37.26
q 29 4 49.68
q 29 5 77.3
q 29 6 20.65
q 29 7 67.67
q 29 8 8.49
q 29 9 54.05
q 29 10 68.2
q 29 11 56
q 29 12 1.7
q 29 13 67.55
q 29 14 8.81
q 29 15 15.84
q 29 16 7.67
q 29 17 50.29
q 29 18 45.99
q 29 19 12.38
q 29 20 -13.83
q 29 21 -4.74
q 29 22 -35.86
q 29 23 -37.26
q 29 24 -49.68
q 29 25 -77.3
q 29 26 -20.65
q 29 27 -67.67
q 29 28 -8.49
q 29 29 -54.05
q 29 30 -68.2
q 29 31 -56
q 29 32 -1.7
q 29 33 -67.55
q 29 34 -8.81
q 29 35 -15.84
q 29 36 -7.67
q 29 37 -50.29
q 29 38 -45.99
q 29 39 -12.38
q 30 0 44.62
q 30 1 29.5
q 30 2 26
q 30 3 42.43
q 30 4 37.7
q 30 5 58.9
q 30 6 17.63
q 30 7 21.28
q 30 8 23.28
q 30 9 36.62
q 30 10 15.64
q 30 11 41.36
q 30 12 25.4
q 30 13 11
q 30 14 44.75
q 30 15 20.21
q 30 16 57.37
q 30 17 35.64
q 30 18 34.23
q 30 19 10.85
q 30 20 -44.62
q 30 21 -29.5
q 30 22 -26
q 30 23 -42.43
q 30 24 -37.7
q 30 25 -58.9
q 30 26 -17.63
q 30 27 -21.28
q 30 28 -23.28
q 30 29 -36.62
q 30 30 -15.64
q 30 31 -41.36
q 30 32 -25.4
q 30 33 -11
q 30 34 -44.75
q 30 35 -20.21
q 30 36 -57.37
q 30 37 -35.64
q 30 38 -34.23
q 30 39 -10.85
q 31 0 54.23
q 31 1 38.72
q 31 2 33.2
q 31 3 63.1
q 31 4 25.31
q 31 5 76.02
q 31 6 22.1
q 31 7 62.81
q 31 8 11.67
q 31 9 42.12
q 31 10 77.41
q 31 11 56.59
q 31 12 28.99
q 31 13 79.09
q 31 14 32.94
q 31 15 19.13
q 31 16 25.82
q 31 17 68.31
q 31 18 37.97
q 31 19 58.82
q 31 20 -54.23
q 31 21 -38.72
q 31 22 -33.2
q 31 23 -63.1
q 31 24 -25.31
q 31 25 -76.02
q 31 26 -22.1
q 31 27 -62.81
q 31 28 -11.67
q 31 29 -42.12
q 31 30 -77.41
q 31 31 -56.59
q 31 32 -28.99
q 31 33 -79.09
q 31 34 -32.94
q 31 35 -19.13
q 31 36 -25.82
q 31 37 -68.31
q 31 38 -37.97
q 31 39 -58.82
q 32 0 31.88
q 32 1 1.77
q 32 2 19.28
q 32 3 75.39
q 32 4 56.37
q 32 5 7.39
q 32 6 49.95
q 32 7 22.92
q 32 8 75.78
q 32 9 54.43
q 32 10 64.55
q 32 11 26.19
q 32 12 3.84
q 32 13 55.65
q 32 14 48.84
q 32 15 71.43
q 32 16 7.22
q 32 17 60.38
q 32 18 78.13
q 32 19 1.5
q 32 20 -31.88
q 32 21 -1.77
q 32 22 -19.28
q 32 23 -75.39
q 32 24 -56.37
q 32 25 -7.39
q 32 26 -49.95
q 32 27 -22.92
q 32 28 -75.78
q 32 29 -54.43
q 32 30 -64.55
q 32 31 -26.19
q 32 32 -3.84
q 32 33 -55.65
q 32 34 -48.84
q 32 35 -71.43
q 32 36 -7.22
q 32 37 -60.38
q 32 38 -78.13
q 32 39 -1.5
q 33 0 12.87
q 33 1 46
q 33 2 43.41
q 33 3 75.33
q 33 4 42.1
q 33 5 54.45
q 33 6 28.79
q 33 7 2.11
q 33 8 29.34
q 33 9 16.22
q 33 10 79.69
q 33 11 0.43
q 33 12 47.66
q 33 13 10.63
q 33 14 22.44
q 33 15 22.52
q 33 16 47.87
q 33 17 40
q 33 18 27.31
q 33 19 16.02
q 33 20 -12.87
q 33 21 -46
q 33 22 -43.41
q 33 23 -75.33
q 33 24 -42.1
q 33 25 -54.45
q 33 26 -28.79
q 33 27 -2.11
q 33 28 -29.34
q 33 29 -16.22
q 33 30 -79.69
q 33 31 -0.43
q 33 32 -47.66
q 33 33 -10.63
q 33 34 -22.44
q 33 35 -22.52
q 33 36 -47.87
q 33 37 -40
q 33 38 -27.31
q 33 39 -16.02
q 34 0 43.88
q 34 1 43.86
q 34 2 13.98
q 34 3 13.24
q 34 4 15.2
q 34 5 61.73
q 34 6 79.29
q 34 7 55.07
q 34 8 1.45
q 34 9 28.73
q 34 10 78.89
q 34 11 79.8
q 34 12 76.88
q 34 13 14.99
q 34 14 68.8
q 34 15 52.2
q 34 16 21.93
q 34 17 37.72
q 34 18 38.76
q 34 19 64.25
q 34 20 -43.88
q 34 21 -43.86
q 34 22 -13.98
q 34 23 -13.24
q 34 24 -15.2
q 34 25 -61.73
q 34 26 -79.29
q 34 27 -55.07
q 34 28 -1.45
q 34 29 -28.73
q 34 30 -78.89
q 34 31 -79.8
q 34 32 -76.88
q 34 33 -14.99
q 34 34 -68.8
q 34 35 -52.2
q 34 36 -21.93
q 34 37 -37.72
q 34 38 -38.76
q 34 39 -64.25
q 35 0 8.46
q 35 1 66
q 35 2 10.8
q 35 3 65.22
q 35 4 25.36
q 35 5 4.42
q 35 6 75.89
q 35 7 5.41
q 35 8 59.42
q 35 9 6.96
q 35 10 74.14
q 35 11 67.8
q 35 12 24.15
q 35 13 2.17
q 35 14 25.89
q 35 15 47.57
q 35 16 56.89
q 35 17 30.89
q 35 18 39.26
q 35 19 65.38
q 35 20 -8.46
q 35 21 -66
q 35 22 -10.8
q 35 23 -65.22
q 35 24 -25.36
q 35 25 -4.42
q 35 26 -75.89
q 35 27 -5.41
q 35 28 -59.42
q 35 29 -6.96
q 35 30 -74.14
q 35 31 -67.8
q 35 32 -24.15
q 35 33 -2.17
q 35 34 -25.89
q 35 35 -47.57
q 35 36 -56.89
q 35 37 -30.89
q 35 38 -39.26
q 35 39 -65.38
q 36 0 7.15
q 36 1 55.89
q 36 2 62.69
q 36 3 2.8
q 36 4 28
q 36 5 27.96
q 36 6 38.83
q 36 7 13.49
q 36 8 75.56
q 36 9 75.51
q 36 10 49.6
q 36 11 10.42
q 36 12 43.89
q 36 13 35.01
q 36 14 13.67
q 36 15 46.88
q 36 16 43.07
q 36 17 71.35
q 36 18 40.34
q 36 19 17.77
q 36 20 -7.15
q 36 21 -55.89
q 36 22 -62.69
q 36 23 -2.8
q 36 24 -28
q 36 25 -27.96
q 36 26 -38.83
q 36 27 -13.49
q 36 28 -75.56
q 36 29 -75.51
q 36 30 -49.6
q 36 31 -10.42
q 36 32 -43.89
q 36 33 -35.01
q 36 34 -13.67
q 36 35 -46.88
q 36 36 -43.07
q 36 37 -71.35
q 36 38 -40.34
q 36 39 -17.77
q 37 0 24.89
q 37 1 63.56
q 37 2 43.25
q 37 3 40.02
q 37 4 35.35
q 37 5 47.3
q 37 6 38.09
q 37 7 9.74
q 37 8 35.71
q 37 9 28.07
q 37 10 10.22
q 37 11 73.82
q 37 12 19.23
q 37 13 25.14
q 37 14 36.14
q 37 15 0.02
q 37 16 60.89
q 37 17 54.85
q 37 18 50.18
q 37 19 60.49
q 37 20 -24.89
q 37 21 -63.56
q 37 22 -43.25
q 37 23 -40.02
q 37 24 -35.35
q 37 25 -47.3
q 37 26 -38.09
q 37 27 -9.74
q 37 28 -35.71
q 37 29 -28.07
q 37 30 -10.22
q 37 31 -73.82
q 37 32 -19.23
q 37 33 -25.14
q 37 34 -36.14
q 37 35 -0.02
q 37 36 -60.89
q 37 37 -54.85
q 37 38 -50.18
q 37 39 -60.49
q 38 0 20.06
q 38 1 13.28
q 38 2 52.69
q 38 3 45.46
q 38 4 25.19
q 38 5 73.7
q 38 6 43.27
q 38 7 57.9
q 38 8 46.16
q 38 9 35.99
q 38 10 12.95
q 38 11 35.57
q 38 12 69.95
q 38 13 77.72
q 38 14 60.82
q 38 15 46.63
q 38 16 71.69
q 38 17 64.03
q 38 18 45.4
q 38 19 22.19
q 38 20 -20.06
q 38 21 -13.28
q 38 22 -52.69
q 38 23 -45.46
q 38 24 -25.19
q 38 25 -73.7
q 38 26 -43.27
q 38 27 -57.9
q 38 28 -46.16
q 38 29 -35.99
q 38 30 -12.95
q 38 31 -35.57
q 38 32 -69.95
q 38 33 -77.72
q 38 34 -60.82
q 38 35 -46.63
q 38 36 -71.69
q 38 37 -64.03
q 38 38 -45.4
q 38 39 -22.19
q 39 0 55.85
q 39 1 63.48
q 39 2 30.59
q 39 3 27.56
q 39 4 75.45
q 39 5 35.45
q 39 6 5.21
q 39 7 70.46
q 39 8 13.87
q 39 9 72.35
q 39 10 5.94
q 39 11 64.57
q 39 12 10.12
q 39 13 5.07
q 39 14 16.08
q 39 15 29.93
q 39 16 50.7
q 39 17 25.08
q 39 18 79.46
q 39 19 66.63
q 39 20 -55.85
q 39 21 -63.48
q 39 22 -30.59
q 39 23 -27.56
q 39 24 -75.45
q 39 25 -35.45
q 39 26 -5.21
q 39 27 -70.46
q 39 28 -13.87
q 39 29 -72.35
q 39 30 -5.94
q 39 31 -64.57
q 39 32 -10.12
q 39 33 -5.07
q 39 34 -16.08
q 39 35 -29.93
q 39 36 -50.7
q 39 37 -25.08
q 39 38 -79.46
q 39 39 -66.63
q 40 0 7.63
q 40 1 54.15
q 40 2 12.92
q 40 3 5.92
q 40 4 71.13
q 40 5 15.72
q 40 6 48.52
q 40 7 35.26
q 40 8 28.68
q 40 9 46.3
q 40 10 71.25
q 40 11 53.85
q 40 12 49.54
q 40 13 7.22
q 40 14 60.13
q 40 15 77.94
q 40 16 20.2
q 40 17 73.85
q 40 18 5.38
q 40 19 5.44
q 40 20 -7.63
q 40 21 -54.15
q 40 22 -12.92
q 40 23 -5.92
q 40 24 -71.13
q 40 25 -15.72
q 40 26 -48.52
q 40 27 -35.26
q 40 28 -28.68
q 40 29 -46.3
q 40 30 -71.25
q 40 31 -53.85
q 40 32 -49.54
q 40 33 -7.22
q 40 34 -60.13
q 40 35 -77.94
q 40 36 -20.2
q 40 37 -73.85
q 40 38 -5.38
q 40 39 -5.44
q 41 0 63.75
q 41 1 9.77
q 41 2 74.73
q 41 3 25.04
q 41 4 52.06
q 41 5 58.5
q 41 6 65.64
q 41 7 3.64
q 41 8 59.01
q 41 9 64.43
q 41 10 13.32
q 41 11 27.09
q 41 12 65.14
q 41 13 12.92
q 41 14 6.17
q 41 15 73.9
q 41 16 16.47
q 41 17 18.33
q 41 18 49.56
q 41 19 51.47
q 41 20 -63.75
q 41 21 -9.77
q 41 22 -74.73
q 41 23 -25.04
q 41 24 -52.06
q 41 25 -58.5
q 41 26 -65.64
q 41 27 -3.64
q 41 28 -59.01
q 41 29 -64.43
q 41 30 -13.32
q 41 31 -27.09
q 41 32 -65.14
q 41 33 -12.92
q 41 34 -6.17
q 41 35 -73.9
q 41 36 -16.47
q 41 37 -18.33
q 41 38 -49.56
q 41 39 -51.47
q 42 0 55.5
q 42 1 54.86
q 42 2 48.38
q 42 3 12.62
q 42 4 19.36
q 42 5 4.16
q 42 6 78.22
q 42 7 61.71
q 42 8 64.69
q 42 9 33.22
q 42 10 10.84
q 42 11 69.28
q 42 12 2.19
q 42 13 45.29
q 42 14 53.8
q 42 15 9.88
q 42 16 44.51
q 42 17 15.12
q 42 18 35.26
q 42 19 17.02
q 42 20 -55.5
q 42 21 -54.86
q 42 22 -48.38
q 42 23 -12.62
q 42 24 -19.36
q 42 25 -4.16
q 42 26 -78.22
q 42 27 -61.71
q 42 28 -64.69
q 42 29 -33.22
q 42 30 -10.84
q 42 31 -69.28
q 42 32 -2.19
q 42 33 -45.29
q 42 34 -53.8
q 42 35 -9.88
q 42 36 -44.51
q 42 37 -15.12
q 42 38 -35.26
q 42 39 -17.02
q 43 0 12.02
q 43 1 19.38
q 43 2 7.56
q 43 3 1.64
q 43 4 34.57
q 43 5 16.1
q 43 6 69.07
q 43 7 47.07
q 43 8 7.68
q 43 9 47.15
q 43 10 38.9
q 43 11 25.9
q 43 12 13.94
q 43 13 70.34
q 43 14 48.55
q 43 15 45.65
q 43 16 52.04
q 43 17 69.16
q 43 18 36.38
q 43 19 35.1
q 43 20 -12.02
q 43 21 -19.38
q 43 22 -7.56
q 43 23 -1.64
q 43 24 -34.57
q 43 25 -16.1
q 43 26 -69.07
q 43 27 -47.07
q 43 28 -7.68
q 43 29 -47.15
q 43 30 -38.9
q 43 31 -25.9
q 43 32 -13.94
q 43 33 -70.34
q 43 34 -48.55
q 43 35 -45.65
q 43 36 -52.04
q 43 37 -69.16
q 43 38 -36.38
q 43 39 -35.1
q 44 0 23.81
q 44 1 35.36
q 44 2 2.68
q 44 3 57.77
q 44 4 13.75
q 44 5 12.49
q 44 6 76.25
q 44 7 39.26
q 44 8 65.67
q 44 9 6.04
q 44 10 26.15
q 44 11 30.34
q 44 12 29.49
q 44 13 50.29
q 44 14 10.97
q 44 15 76.47
q 44 16 20.06
q 44 17 74.96
q 44 18 11.19
q 44 19 57.88
q 44 20 -23.81
q 44 21 -35.36
q 44 22 -2.68
q 44 23 -57.77
q 44 24 -13.75
q 44 25 -12.49
q 44 26 -76.25
q 44 27 -39.26
q 44 28 -65.67
q 44 29 -6.04
q 44 30 -26.15
q 44 31 -30.34
q 44 32 -29.49
q 44 33 -50.29
q 44 34 -10.97
q 44 35 -76.47
q 44 36 -20.06
q 44 37 -74.96
q 44 38 -11.19
q 44 39 -57.88
q 45 0 23.88
q 45 1 21.34
q 45 2 57.47
q 45 3 4.21
q 45 4 3.89
q 45 5 21.48
q 45 6 21.36
q 45 7 47.43
q 45 8 63.82
q 45 9 22.62
q 45 10 24.68
q 45 11 60.69
q 45 12 69.54
q 45 13 59.36
q 45 14 76.31
q 45 15 54.47
q 45 16 35.33
q 45 17 37.22
q 45 18 62.27
q 45 19 31.87
q 45 20 -23.88
q 45 21 -21.34
q 45 22 -57.47
q 45 23 -4.21
q 45 24 -3.89
q 45 25 -21.48
q 45 26 -21.36
q 45 27 -47.43
q 45 28 -63.82
q 45 29 -22.62
q 45 30 -24.68
q 45 31 -60.69
q 45 32 -69.54
q 45 33 -59.36
q 45 34 -76.31
q 45 35 -54.47
q 45 36 -35.33
q 45 37 -37.22
q 45 38 -62.27
q 45 39 -31.87
q 46 0 67.02
q 46 1 62.93
q 46 2 15.14
q 46 3 0.65
q 46 4 35.26
q 46 5 10.93
q 46 6 66.96
q 46 7 29.85
q 46 8 0.75
q 46 9 4.22
q 46 10 17.19
q 46 11 63.9
q 46 12 46.89
q 46 13 4.63
q 46 14 70.44
q 46 15 59.78
q 46 16 75.41
q 46 17 28.78
q 46 18 42.11
q 46 19 15.66
q 46 20 -67.02
q 46 21 -62.93
q 46 22 -15.14
q 46 23 -0.65
q 46 24 -35.26
q 46 25 -10.93
q 46 26 -66.96
q 46 27 -29.85
q 46 28 -0.75
q 46 29 -4.22
q 46 30 -17.19
q 46 31 -63.9
q 46 32 -46.89
q 46 33 -4.63
q 46 34 -70.44
q 46 35 -59.78
q 46 36 -75.41
q 46 37 -28.78
q 46 38 -42.11
q 46 39 -15.66
q 47 0 37.42
q 47 1 46.28
q 47 2 52.39
q 47 3 7.1
q 47 4 0.87
q 47 5 35.29
q 47 6 67.73
q 47 7 44.8
q 47 8 57.27
q 47 9 44.8
q 47 10 34.5
q 47 11 14.03
q 47 12 53.75
q 47 13 44.23
q 47 14 72.11
q 47 15 36.63
q 47 16 74.96
q 47 17 9.46
q 47 18 16.15
q 47 19 73.27
q 47 20 -37.42
q 47 21 -46.28
q 47 22 -52.39
q 47 23 -7.1
q 47 24 -0.87
q 47 25 -35.29
q 47 26 -67.73
q 47 27 -44.8
q 47 28 -57.27
q 47 29 -44.8
q 47 30 -34.5
q 47 31 -14.03
q 47 32 -53.75
q 47 33 -44.23
q 47 34 -72.11
q 47 35 -36.63
q 47 36 -74.96
q 47 37 -9.46
q 47 38 -16.15
q 47 39 -73.27
q 48 0 34.01
q 48 1 43.42
q 48 2 27.7
q 48 3 65.77
q 48 4 28.15
q 48 5 2.63
q 48 6 69.62
q 48 7 9.26
q 48 8 47.39
q 48 9 23.42
q 48 10 68.72
q 48 11 15.04
q 48 12 70.57
q 48 13 59.45
q 48 14 42.53
q 48 15 41.52
q 48 16 30.34
q 48 17 43.23
q 48 18 19.07
q 48 19 27.98
q 48 20 -34.01
q 48 21 -43.42
q 48 22 -27.7
q 48 23 -65.77
q 48 24 -28.15
q 48 25 -2.63
q 48 26 -69.62
q 48 27 -9.26
q 48 28 -47.39
q 48 29 -23.42
q 48 30 -68.72
q 48 31 -15.04
q 48 32 -70.57
q 48 33 -59.45
q 48 34 -42.53
q 48 35 -41.52
q 48 36 -30.34
q 48 37 -43.23
q 48 38 -19.07
q 48 39 -27.98
q 49 0 46.06
q 49 1 17.43
q 49 2 57.38
q 49 3 71.71
q 49 4 71.58
q 49 5 76.79
q 49 6 26.4
q 49 7 21.2
q 49 8 65.27
q 49 9 49.77
q 49 10 73.02
q 49 11 65.31
q 49 12 75.18
q 49 13 3.61
q 49 14 59.3
q 49 15 43.07
q 49 16 57.09
q 49 17 50.48
q 49 18 59.84
q 49 19 10.96
q 49 20 -46.06
q 49 21 -17.43
q 49 22 -57.38
q 49 23 -71.71
q 49 24 -71.58
q 49 25 -76.79
q 49 26 -26.4
q 49 27 -21.2
q 49 28 -65.27
q 49 29 -49.77
q 49 30 -73.02
q 49 31 -65.31
q 49 32 -75.18
q 49 33 -3.61
q 49 34 -59.3
q 49 35 -43.07
q 49 36 -57.09
q 49 37 -50.48
q 49 38 -59.84
q 49 39 -10.96
q 50 0 32.65
q 50 1 61.51
q 50 2 47.72
q 50 3 28.68
q 50 4 36.03
q 50 5 35.39
q 50 6 0.58
q 50 7 14.98
q 50 8 7.09
q 50 9 17.55
q 50 10 3.01
q 50 11 26.71
q 50 12 8.47
q 50 13 2.06
q 50 14 0.62
q 50 15 5.24
q 50 16 40.28
q 50 17 32.75
q 50 18 62.37
q 50 19 21.94
q 50 20 -32.65
q 50 21 -61.51
q 50 22 -47.72
q 50 23 -28.68
q 50 24 -36.03
q 50 25 -35.39
q 50 26 -0.58
q 50 27 -14.98
q 50 28 -7.09
q 50 29 -17.55
q 50 30 -3.01
q 50 31 -26.71
q 50 32 -8.47
q 50 33 -2.06
q 50 34 -0.62
q 50 35 -5.24
q 50 36 -40.28
q 50 37 -32.75
q 50 38 -62.37
q 50 39 -21.94
q 51 0 54.82
q 51 1 73.09
q 51 2 76.62
q 51 3 38.36
q 51 4 14.01
q 51 5 19.29
q 51 6 63.58
q 51 7 47.93
q 51 8 51.15
q 51 9 70.83
q 51 10 49.44
q 51 11 6.01
q 51 12 29.79
q 51 13 13.63
q 51 14 9.32
q 51 15 57.55
q 51 16 13.24
q 51 17 18.14
q 51 18 77.24
q 51 19 20.51
q 51 20 -54.82
q 51 21 -73.09
q 51 22 -76.62
q 51 23 -38.36
q 51 24 -14.01
q 51 25 -19.29
q 51 26 -63.58
q 51 27 -47.93
q 51 28 -51.15
q 51 29 -70.83
q 51 30 -49.44
q 51 31 -6.01
q 51 32 -29.79
q 51 33 -13.63
q 51 34 -9.32
q 51 35 -57.55
q 51 36 -13.24
q 51 37 -18.14
q 51 38 -77.24
q 51 39 -20.51
q 52 0 76.55
q 52 1 36.58
q 52 2 66.42
q 52 3 34.78
q 52 4 77.38
q 52 5 68.45
q 52 6 46.71
q 52 7 6.9
q 52 8 33.7
q 52 9 1.71
q 52 10 43.97
q 52 11 9.33
q 52 12 76.58
q 52 13 39.93
q 52 14 15.36
q 52 15 78.19
q 52 16 47.51
q 52 17 65.73
q 52 18 5.2
q 52 19 16.48
q 52 20 -76.55
q 52 21 -36.58
q 52 22 -66.42
q 52 23 -34.78
q 52 24 -77.38
q 52 25 -68.45
q 52 26 -46.71
q 52 27 -6.9
q 52 28 -33.7
q 52 29 -1.71
q 52 30 -43.97
q 52 31 -9.33
q 52 32 -76.58
q 52 33 -39.93
q 52 34 -15.36
q 52 35 -78.19
q 52 36 -47.51
q 52 37 -65.73
q 52 38 -5.2
q 52 39 -16.48
q 53 0 47.36
q 53 1 22.05
q 53 2 4.82
q 53 3 42.35
q 53 4 61.43
q 53 5 29.7
q 53 6 31.5
q 53 7 27.57
q 53 8 11.56
q 53 9 39.6
q 53 10 5.21
q 53 11 4.07
q 53 12 16.59
q 53 13 37.53
q 53 14 12.93
q 53 15 22.38
q 53 16 19.09
q 53 17 17.61
q 53 18 62.5
q 53 19 1.35
q 53 20 -47.36
q 53 21 -22.05
q 53 22 -4.82
q 53 23 -42.35
q 53 24 -61.43
q 53 25 -29.7
q 53 26 -31.5
q 53 27 -27.57
q 53 28 -11.56
q 53 29 -39.6
q 53 30 -5.21
q 53 31 -4.07
q 53 32 -16.59
q 53 33 -37.53
q 53 34 -12.93
q 53 35 -22.38
q 53 36 -19.09
q 53 37 -17.61
q 53 38 -62.5
q 53 39 -1.35
q 54 0 6.35
q 54 1 38.33
q 54 2 8.37
q 54 3 42.84
q 54 4 31.81
q 54 5 12.31
q 54 6 25.84
q 54 7 76.27
q 54 8 69.49
q 54 9 41.54
q 54 10 39.08
q 54 11 58.13
q 54 12 15.39
q 54 13 56.85
q 54 14 49.05
q 54 15 1.51
q 54 16 19.13
q 54 17 59.16
q 54 18 33.18
q 54 19 24.58
q 54 20 -6.35
q 54 21 -38.33
q 54 22 -8.37
q 54 23 -42.84
q 54 24 -31.81
q 54 25 -12.31
q 54 26 -25.84
q 54 27 -76.27
q 54 28 -69.49
q 54 29 -41.54
q 54 30 -39.08
q 54 31 -58.13
q 54 32 -15.39
q 54 33 -56.85
q 54 34 -49.05
q 54 35 -1.51
q 54 36 -19.13
q 54 37 -59.16
q 54 38 -33.18
q 54 39 -24.58
q 55 0 64.97
q 55 1 56.96
q 55 2 30.09
q 55 3 68.31
q 55 4 10.32
q 55 5 36.78
q 55 6 24.66
q 55 7 39.27
q 55 8 42.23
q 55 9 0.54
q 55 10 34.81
q 55 11 8.8
q 55 12 46.57
q 55 13 25.1
q 55 14 28.71
q 55 15 4.77
q 55 16 45.67
q 55 17 36.36
q 55 18 65.76
q 55 19 34.94
q 55 20 -64.97
q 55 21 -56.96
q 55 22 -30.09
q 55 23 -68.31
q 55 24 -10.32
q 55 25 -36.78
q 55 26 -24.66
q 55 27 -39.27
q 55 28 -42.23
q 55 29 -0.54
q 55 30 -34.81
q 55 31 -8.8
q 55 32 -46.57
q 55 33 -25.1
q 55 34 -28.71
q 55 35 -4.77
q 55 36 -45.67
q 55 37 -36.36
q 55 38 -65.76
q 55 39 -34.94
q 56 0 36.56
q 56 1 56.58
q 56 2 26.59
q 56 3 62.63
q 56 4 32.32
q 56 5 11.13
q 56 6 64.52
q 56 7 48.26
q 56 8 54.81
q 56 9 66.47
q 56 10 76.51
q 56 11 17.12
q 56 12 18.4
q 56 13 30.37
q 56 14 15.3
q 56 15 69.11
q 56 16 15.41
q 56 17 15.37
q 56 18 2.97
q 56 19 55.78
q 56 20 -36.56
q 56 21 -56.58
q 56 22 -26.59
q 56 23 -62.63
q 56 24 -32.32
q 56 25 -11.13
q 56 26 -64.52
q 56 27 -48.26
q 56 28 -54.81
q 56 29 -66.47
q 56 30 -76.51
q 56 31 -17.12
q 56 32 -18.4
q 56 33 -30.37
q 56 34 -15.3
q 56 35 -69.11
q 56 36 -15.41
q 56 37 -15.37
q 56 38 -2.97
q 56 39 -55.78
q 57 0 68.21
q 57 1 7.25
q 57 2 10.16
q 57 3 51.03
q 57 4 76.22
q 57 5 10.5
q 57 6 45.8
q 57 7 41.93
q 57 8 54.25
q 57 9 25.14
q 57 10 20.88
q 57 11 5.35
q 57 12 70.8
q 57 13 5.23
q 57 14 30.88
q 57 15 24.93
q 57 16 58.78
q 57 17 23.23
q 57 18 19.71
q 57 19 2.98
q 57 20 -68.21
q 57 21 -7.25
q 57 22 -10.16
q 57 23 -51.03
q 57 24 -76.22
q 57 25 -10.5
q 57 26 -45.8
q 57 27 -41.93
q 57 28 -54.25
q 57 29 -25.14
q 57 30 -20.88
q 57 31 -5.35
q 57 32 -70.8
q 57 33 -5.23
q 57 34 -30.88
q 57 35 -24.93
q 57 36 -58.78
q 57 37 -23.23
q 57 38 -19.71
q 57 39 -2.98
q 58 0 38.74
q 58 1 21.89
q 58 2 18.09
q 58 3 67.04
q 58 4 5.66
q 58 5 20.99
q 58 6 41.08
q 58 7 64.98
q 58 8 9.98
q 58 9 70
q 58 10 68.24
q 58 11 61.55
q 58 12 63.26
q 58 13 26.14
q 58 14 58.54
q 58 15 40.24
q 58 16 77
q 58 17 22.48
q 58 18 29.04
q 58 19 75.16
q 58 20 -38.74
q 58 21 -21.89
q 58 22 -18.09
q 58 23 -67.04
q 58 24 -5.66
q 58 25 -20.99
q 58 26 -41.08
q 58 27 -64.98
q 58 28 -9.98
q 58 29 -70
q 58 30 -68.24
q 58 31 -61.55
q 58 32 -63.26
q 58 33 -26.14
q 58 34 -58.54
q 58 35 -40.24
q 58 36 -77
q 58 37 -22.48
q 58 38 -29.04
q 58 39 -75.16
q 59 0 23.27
q 59 1 1.9
q 59 2 46.05
q 59 3 18.3
q 59 4 18.86
q 59 5 64.87
q 59 6 71.2
q 59 7 7.94
q 59 8 76.86
q 59 9 3.41
q 59 10 19.92
q 59 11 76.97
q 59 12 44.12
q 59 13 27.61
q 59 14 69.41
q 59 15 27.87
q 59 16 58.83
q 59 17 29.36
q 59 18 57.53
q 59 19 59.26
q 59 20 -23.27
q 59 21 -1.9
q 59 22 -46.05
q 59 23 -18.3
q 59 24 -18.86
q 59 25 -64.87
q 59 26 -71.2
q 59 27 -7.94
q 59 28 -76.86
q 59 29 -3.41
q 59 30 -19.92
q 59 31 -76.97
q 59 32 -44.12
q 59 33 -27.61
q 59 34 -69.41
q 59 35 -27.87
q 59 36 -58.83
q 59 37 -29.36
q 59 38 -57.53
q 59 39 -59.26
q 90 0 47.16
q 90 1 88.97
q 90 2 45.59
q 90 3 55.94
q 90 4 88.05
q 90 5 56.35
q 90 6 32.87
q 90 7 41.71
q 90 8 71.96
q 90 9 27.91
q 90 10 62.46
q 90 11 79.7
q 90 12 32.64
q 90 13 75.18
q 90 14 37.71
q 90 15 72.42
q 90 16 32.75
q 90 17 45.33
q 90 18 41.62
q 90 19 41.17
q 90 20 -8.76
q 90 21 -17.27
q 90 22 -4.7
q 90 23 -15.56
q 90 24 -8
q 90 25 -8.42
q 90 26 -15.3
q 90 27 -2.67
q 90 28 -0.82
q 90 29 -9.3
q 90 30 -6.56
q 90 31 -4.15
q 90 32 -9.58
q 90 33 -5.87
q 90 34 -15.08
q 90 35 -11.94
q 90 36 -6.94
q 90 37 -19.94
q 90 38 -14.08
q 90 39 -5.74
q 91 0 85.59
q 91 1 45.09
q 91 2 29.2
q 91 3 77.65
q 91 4 92.01
q 91 5 48.87
q 91 6 48.86
q 91 7 73.86
q 91 8 28.34
q 91 9 29.99
q 91 10 47.41
q 91 11 96.97
q 91 12 66.93
q 91 13 93.99
q 91 14 44.04
q 91 15 78.47
q 91 16 86.22
q 91 17 60.79
q 91 18 63.86
q 91 19 99.54
q 91 20 -17.35
q 91 21 -18.42
q 91 22 -10.55
q 91 23 -12.6
q 91 24 -14.55
q 91 25 -14.8
q 91 26 -16.56
q 91 27 -12.76
q 91 28 -2.32
q 91 29 -3.5
q 91 30 -17.94
q 91 31 -8.77
q 91 32 -18.39
q 91 33 -13.61
q 91 34 -7.22
q 91 35 -3.44
q 91 36 -8.16
q 91 37 -3.58
q 91 38 -0.63
q 91 39 -3.28
q 92 0 20.33
q 92 1 97.78
q 92 2 89.44
q 92 3 83.02
q 92 4 62.67
q 92 5 70.43
q 92 6 43.53
q 92 7 47.77
q 92 8 34.8
q 92 9 93.02
q 92 10 99.89
q 92 11 73.47
q 92 12 47.03
q 92 13 73.15
q 92 14 67.79
q 92 15 65.45
q 92 16 24.36
q 92 17 36
q 92 18 64.12
q 92 19 52.41
q 92 20 -15.38
q 92 21 -15.8
q 92 22 -15.65
q 92 23 -3.72
q 92 24 -16.65
q 92 25 -16.06
q 92 26 -9
q 92 27 -11.85
q 92 28 -4.28
q 92 29 -7.56
q 92 30 -4.25
q 92 31 -7.02
q 92 32 -10.24
q 92 33 -4.49
q 92 34 -8.55
q 92 35 -13.33
q 92 36 -20
q 92 37 -0.57
q 92 38 -11.78
q 92 39 -4.98
q 93 0 48.79
q 93 1 92.56
q 93 2 63.99
q 93 3 80.44
q 93 4 83.12
q 93 5 49.15
q 93 6 72.54
q 93 7 99.38
q 93 8 22.64
q 93 9 31.97
q 93 10 49.84
q 93 11 39.21
q 93 12 68.44
q 93 13 69.7
q 93 14 65.56
q 93 15 24.39
q 93 16 53.06
q 93 17 71.4
q 93 18 95.28
q 93 19 39.8
q 93 20 -10.08
q 93 21 -12.62
q 93 22 -7.27
q 93 23 -0.81
q 93 24 -11.48
q 93 25 -16.96
q 93 26 -16.38
q 93 27 -13.69
q 93 28 -3.39
q 93 29 -12.72
q 93 30 -1.52
q 93 31 -8.01
q 93 32 -9.03
q 93 33 -15.16
q 93 34 -2.19
q 93 35 -11.99
q 93 36 -17.58
q 93 37 -15.01
q 93 38 -0.52
q 93 39 -4.92
q 94 0 26.36
q 94 1 28.24
q 94 2 47.05
q 94 3 26.86
q 94 4 83.43
q 94 5 30.05
q 94 6 32.11
q 94 7 21.87
q 94 8 50.14
q 94 9 55.86
q 94 10 31.66
q 94 11 75.58
q 94 12 64.37
q 94 13 88.83
q 94 14 61.02
q 94 15 26.88
q 94 16 97.97
q 94 17 96.42
q 94 18 90.2
q 94 19 30.88
q 94 20 -2.02
q 94 21 -6.78
q 94 22 -9.37
q 94 23 -1.07
q 94 24 -10.07
q 94 25 -5.63
q 94 26 -4.3
q 94 27 -7.29
q 94 28 -1.12
q 94 29 -6.17
q 94 30 -5.23
q 94 31 -7.91
q 94 32 -2.79
q 94 33 -7.62
q 94 34 -17.06
q 94 35 -5.69
q 94 36 -10.57
q 94 37 -0.87
q 94 38 -16.18
q 94 39 -9.1
q 95 0 36.93
q 95 1 46.77
q 95 2 98.38
q 95 3 98.27
q 95 4 63.85
q 95 5 80.46
q 95 6 46.06
q 95 7 38.41
q 95 8 21.14
q 95 9 46.16
q 95 10 49.47
q 95 11 31.31
q 95 12 76.08
q 95 13 59.73
q 95 14 56.79
q 95 15 74.66
q 95 16 46.42
q 95 17 45.35
q 95 18 72.41
q 95 19 43.88
q 95 20 -17.94
q 95 21 -11.29
q 95 22 -18.63
q 95 23 -11.47
q 95 24 -5.56
q 95 25 -14.03
q 95 26 -4.47
q 95 27 -5.98
q 95 28 -7.9
q 95 29 -18.21
q 95 30 -10.31
q 95 31 -19.47
q 95 32 -17.19
q 95 33 -7.88
q 95 34 -1.55
q 95 35 -17.33
q 95 36 -16.09
q 95 37 -6.67
q 95 38 -18.27
q 95 39 -0.33
q 96 0 30.71
q 96 1 86.62
q 96 2 48.06
q 96 3 77.55
q 96 4 40.01
q 96 5 84.23
q 96 6 26.68
q 96 7 24.05
q 96 8 72.46
q 96 9 70.14
q 96 10 73.72
q 96 11 91.09
q 96 12 60.8
q 96 13 96.5
q 96 14 42.45
q 96 15 37.38
q 96 16 33.96
q 96 17 30.38
q 96 18 33.76
q 96 19 91.39
q 96 20 -13.35
q 96 21 -10.93
q 96 22 -0.85
q 96 23 -11.7
q 96 24 -18.19
q 96 25 -15.43
q 96 26 -17.66
q 96 27 -18.6
q 96 28 -7.74
q 96 29 -1.27
q 96 30 -6.64
q 96 31 -17.61
q 96 32 -13.14
q 96 33 -17.2
q 96 34 -13.42
q 96 35 -7.43
q 96 36 -11.14
q 96 37 -3.19
q 96 38 -12.92
q 96 39 -7.38
q 97 0 90.4
q 97 1 33.82
q 97 2 61.59
q 97 3 86.06
q 97 4 53.99
q 97 5 65.68
q 97 6 33.41
q 97 7 41.9
q 97 8 69.77
q 97 9 61.26
q 97 10 88.67
q 97 11 64.22
q 97 12 78.8
q 97 13 62.16
q 97 14 89.7
q 97 15 89.02
q 97 16 58.88
q 97 17 79.16
q 97 18 29.89
q 97 19 88.06
q 97 20 -2.23
q 97 21 -13.83
q 97 22 -0.35
q 97 23 -15.29
q 97 24 -19.02
q 97 25 -15
q 97 26 -6.34
q 97 27 -7.41
q 97 28 -11.03
q 97 29 -11.01
q 97 30 -3.91
q 97 31 -15.62
q 97 32 -8.18
q 97 33 -2.23
q 97 34 -10.76
q 97 35 -6.69
q 97 36 -13.77
q 97 37 -1.89
q 97 38 -15.97
q 97 39 -16.71
q 98 0 65.65
q 98 1 32.55
q 98 2 48.19
q 98 3 94.99
q 98 4 98.5
q 98 5 65.95
q 98 6 70.08
q 98 7 96.39
q 98 8 95.73
q 98 9 91.48
q 98 10 20.83
q 98 11 32.95
q 98 12 47.53
q 98 13 37.43
q 98 14 23.07
q 98 15 56.72
q 98 16 24.03
q 98 17 56.98
q 98 18 77.12
q 98 19 60.11
q 98 20 -11.02
q 98 21 -2.23
q 98 22 -17.36
q 98 23 -13.68
q 98 24 -12.77
q 98 25 -6.11
q 98 26 -5.19
q 98 27 -5.31
q 98 28 -10.78
q 98 29 -13.84
q 98 30 -13.95
q 98 31 -11.65
q 98 32 -6.32
q 98 33 -13.98
q 98 34 -0.26
q 98 35 -5.47
q 98 36 -13.62
q 98 37 -8.71
q 98 38 -19.9
q 98 39 -2.46
q 99 0 75.62
q 99 1 61.88
q 99 2 27.33
q 99 3 33.89
q 99 4 66.53
q 99 5 32.9
q 99 6 34.12
q 99 7 57.82
q 99 8 50.24
q 99 9 36.96
q 99 10 69.25
q 99 11 62.7
q 99 12 50.55
q 99 13 34.69
q 99 14 76.9
q 99 15 43.25
q 99 16 48.87
q 99 17 62.77
q 99 18 98.17
q 99 19 93.1
q 99 20 -7.87
q 99 21 -13.43
q 99 22 -16.35
q 99 23 -11.67
q 99 24 -4.14
q 99 25 -19.99
q 99 26 -8.9
q 99 27 -9.8
q 99 28 -16.45
q 99 29 -11.82
q 99 30 -19.78
q 99 31 -3.95
q 99 32 -19.77
q 99 33 -17.94
q 99 34 -0.79
q 99 35 -14.19
q 99 36 -3.78
q 99 37 -4.36
q 99 38 -4.13
q 99 39 -12.23
q 100 0 91.94
q 100 1 50.95
q 100 2 39.62
q 100 3 75.58
q 100 4 91.11
q 100 5 37.09
q 100 6 32.34
q 100 7 85.65
q 100 8 93.28
q 100 9 45.75
q 100 10 48.36
q 100 11 60.11
q 100 12 42.27
q 100 13 32.66
q 100 14 62.05
q 100 15 27.32
q 100 16 79.97
q 100 17 61.87
q 100 18 30.34
q 100 19 37.28
q 100 20 -6.38
q 100 21 -12.79
q 100 22 -6
q 100 23 -14.04
q 100 24 -16.88
q 100 25 -6.11
q 100 26 -2.17
q 100 27 -6.61
q 100 28 -2.73
q 100 29 -10
q 100 30 -10.99
q 100 31 -9.99
q 100 32 -17.03
q 100 33 -15.54
q 100 34 -2.29
q 100 35 -11.05
q 100 36 -4.4
q 100 37 -5
q 100 38 -1.99
q 100 39 -12.73
q 101 0 88.93
q 101 1 52.29
q 101 2 96.15
q 101 3 91.68
q 101 4 86.61
q 101 5 22.6
q 101 6 90.18
q 101 7 48.82
q 101 8 68.92
q 101 9 97.07
q 101 10 90.28
q 101 11 64.95
q 101 12 34.08
q 101 13 89.91
q 101 14 22.57
q 101 15 61.9
q 101 16 91.86
q 101 17 83.55
q 101 18 99.9
q 101 19 98.5
q 101 20 -5.2
q 101 21 -14.21
q 101 22 -15.61
q 101 23 -8.96
q 101 24 -19.32
q 101 25 -1.06
q 101 26 -15.37
q 101 27 -18.74
q 101 28 -2.44
q 101 29 -9.43
q 101 30 -10.35
q 101 31 -10.92
q 101 32 -6.43
q 101 33 -6.47
q 101 34 -17.86
q 101 35 -2.63
q 101 36 -19.47
q 101 37 -14.36
q 101 38 -14.09
q 101 39 -7.06
q 102 0 77.68
q 102 1 79.19
q 102 2 31.25
q 102 3 62.45
q 102 4 33.58
q 102 5 90.27
q 102 6 58.61
q 102 7 70.46
q 102 8 20.22
q 102 9 56.16
q 102 10 58.31
q 102 11 62.47
q 102 12 26.35
q 102 13 59.77
q 102 14 91.85
q 102 15 23.59
q 102 16 88.72
q 102 17 88.81
q 102 18 73.4
q 102 19 41.34
q 102 20 -6.67
q 102 21 -15.48
q 102 22 -17.63
q 102 23 -0.24
q 102 24 -3.99
q 102 25 -13.75
q 102 26 -0.8
q 102 27 -9.84
q 102 28 -11.04
q 102 29 -1.1
q 102 30 -7.78
q 102 31 -2.24
q 102 32 -16.52
q 102 33 -2.34
q 102 34 -10.16
q 102 35 -6.3
q 102 36 -4.67
q 102 37 -7.41
q 102 38 -8.31
q 102 39 -4.45
q 103 0 78.96
q 103 1 31.48
q 103 2 78.5
q 103 3 93.5
q 103 4 31.71
q 103 5 77.49
q 103 6 71.15
q 103 7 39.82
q 103 8 44.38
q 103 9 31.94
q 103 10 87.46
q 103 11 90.64
q 103 12 64.32
q 103 13 78.73
q 103 14 56
q 103 15 25.8
q 103 16 29.88
q 103 17 22.75
q 103 18 43.82
q 103 19 51.61
q 103 20 -15.87
q 103 21 -7.93
q 103 22 -9.04
q 103 23 -3.19
q 103 24 -17.32
q 103 25 -3.7
q 103 26 -19.31
q 103 27 -8.22
q 103 28 -14.09
q 103 29 -1.09
q 103 30 -1.83
q 103 31 -3.48
q 103 32 -1.34
q 103 33 -13.99
q 103 34 -8.62
q 103 35 -11.86
q 103 36 -7.19
q 103 37 -9.89
q 103 38 -5.14
q 103 39 -17.78
q 104 0 71.17
q 104 1 53.66
q 104 2 77.4
q 104 3 74.24
q 104 4 93.04
q 104 5 82.96
q 104 6 78.71
q 104 7 29.72
q 104 8 32.75
q 104 9 69.16
q 104 10 93.93
q 104 11 89.37
q 104 12 49.33
q 104 13 81.42
q 104 14 89.46
q 104 15 71.61
q 104 16 68.46
q 104 17 60.24
q 104 18 53.88
q 104 19 25.44
q 104 20 -5.99
q 104 21 -1.12
q 104 22 -10.48
q 104 23 -2.29
q 104 24 -2.79
q 104 25 -19.15
q 104 26 -5.18
q 104 27 -10.78
q 104 28 -3.43
q 104 29 -6.93
q 104 30 -8.26
q 104 31 -5.17
q 104 32 -8.91
q 104 33 -1.28
q 104 34 -11.48
q 104 35 -9.24
q 104 36 -6.34
q 104 37 -7.35
q 104 38 -13.93
q 104 39 -1.32
q 105 0 70.55
q 105 1 75.93
q 105 2 81.18
q 105 3 46.33
q 105 4 70.3
q 105 5 84.55
q 105 6 80.54
q 105 7 93.01
q 105 8 80.47
q 105 9 39.91
q 105 10 38.48
q 105 11 75.14
q 105 12 73.71
q 105 13 45.15
q 105 14 83.95
q 105 15 91.01
q 105 16 32.8
q 105 17 23.63
q 105 18 25.38
q 105 19 74.72
q 105 20 -18.82
q 105 21 -18.48
q 105 22 -9.4
q 105 23 -15.59
q 105 24 -19.5
q 105 25 -14.53
q 105 26 -19.77
q 105 27 -7.17
q 105 28 -6.43
q 105 29 -14.37
q 105 30 -15.61
q 105 31 -19.07
q 105 32 -8.54
q 105 33 -6.71
q 105 34 -3.56
q 105 35 -8.19
q 105 36 -13.6
q 105 37 -17.54
q 105 38 -15.88
q 105 39 -15.07
q 106 0 77.76
q 106 1 44.96
q 106 2 47.21
q 106 3 20.44
q 106 4 68.67
q 106 5 65.68
q 106 6 94.28
q 106 7 93.61
q 106 8 64.54
q 106 9 66.83
q 106 10 93.44
q 106 11 33.8
q 106 12 94.41
q 106 13 42.15
q 106 14 38.94
q 106 15 90.82
q 106 16 38.16
q 106 17 65.31
q 106 18 31.01
q 106 19 75.11
q 106 20 -7.79
q 106 21 -11.07
q 106 22 -17.65
q 106 23 -5.18
q 106 24 -6.46
q 106 25 -8.89
q 106 26 -12.21
q 106 27 -12.53
q 106 28 -6.31
q 106 29 -4.86
q 106 30 -4.25
q 106 31 -5.91
q 106 32 -1.23
q 106 33 -0.14
q 106 34 -7.94
q 106 35 -9.06
q 106 36 -6.05
q 106 37 -15.5
q 106 38 -14.88
q 106 39 -6.78
q 107 0 97.65
q 107 1 54.15
q 107 2 94.43
q 107 3 97.92
q 107 4 86.52
q 107 5 91.58
q 107 6 37.88
q 107 7 28.46
q 107 8 88.41
q 107 9 71.33
q 107 10 86.16
q 107 11 40.01
q 107 12 84.65
q 107 13 30.38
q 107 14 41.93
q 107 15 58.9
q 107 16 73.75
q 107 17 87.38
q 107 18 22.68
q 107 19 68.15
q 107 20 -11.6
q 107 21 -11.88
q 107 22 -13.48
q 107 23 -3.95
q 107 24 -19.54
q 107 25 -11.97
q 107 26 -9.72
q 107 27 -2.68
q 107 28 -9.83
q 107 29 -5.88
q 107 30 -2.9
q 107 31 -0.47
q 107 32 -5.69
q 107 33 -6.4
q 107 34 -14.84
q 107 35 -17.3
q 107 36 -1.18
q 107 37 -18.91
q 107 38 -12.11
q 107 39 -0.48
q 108 0 25.86
q 108 1 68.08
q 108 2 62.77
q 108 3 97.47
q 108 4 28.65
q 108 5 44.95
q 108 6 31.65
q 108 7 35.14
q 108 8 47.86
q 108 9 53.28
q 108 10 21.5
q 108 11 53.07
q 108 12 52.39
q 108 13 91.47
q 108 14 95.69
q 108 15 88.67
q 108 16 93.51
q 108 17 56.82
q 108 18 98.34
q 108 19 86.99
q 108 20 -11.79
q 108 21 -7.47
q 108 22 -19.2
q 108 23 -0.35
q 108 24 -7.77
q 108 25 -2.89
q 108 26 -3.15
q 108 27 -16.66
q 108 28 -17.5
q 108 29 -5.23
q 108 30 -1.56
q 108 31 -13.72
q 108 32 -1.85
q 108 33 -19.73
q 108 34 -5.8
q 108 35 -0.93
q 108 36 -2.23
q 108 37 -0.93
q 108 38 -8.18
q 108 39 -3.99
q 109 0 38.87
q 109 1 93.36
q 109 2 94.35
q 109 3 60.03
q 109 4 91.45
q 109 5 85.27
q 109 6 24.13
q 109 7 41.59
q 109 8 80.88
q 109 9 45.18
q 109 10 41.11
q 109 11 33.9
q 109 12 79.65
q 109 13 52.29
q 109 14 50.32
q 109 15 72.87
q 109 16 32.65
q 109 17 61.48
q 109 18 78.72
q 109 19 33.8
q 109 20 -0.78
q 109 21 -8.48
q 109 22 -7.75
q 109 23 -10.9
q 109 24 -1.13
q 109 25 -4.62
q 109 26 -16.04
q 109 27 -15.5
q 109 28 -16.53
q 109 29 -16.64
q 109 30 -17.62
q 109 31 -10.77
q 109 32 -17.03
q 109 33 -8.41
q 109 34 -13.66
q 109 35 -15.06
q 109 36 -1.01
q 109 37 -8.53
q 109 38 -11.3
q 109 39 -7.59
q 110 0 65.33
q 110 1 84.75
q 110 2 72.76
q 110 3 57.34
q 110 4 51.46
q 110 5 32.95
q 110 6 83.56
q 110 7 30.04
q 110 8 97.69
q 110 9 35.65
q 110 10 88.5
q 110 11 66.98
q 110 12 88.21
q 110 13 44.91
q 110 14 29.66
q 110 15 71.33
q 110 16 25.15
q 110 17 93.18
q 110 18 40.56
q 110 19 51.31
q 110 20 -15.66
q 110 21 -3.95
q 110 22 -11.75
q 110 23 -17.01
q 110 24 -5.08
q 110 25 -8.76
q 110 26 -11.34
q 110 27 -19.74
q 110 28 -9.71
q 110 29 -8.85
q 110 30 -19.24
q 110 31 -15.78
q 110 32 -14.04
q 110 33 -11.2
q 110 34 -1.74
q 110 35 -0.09
q 110 36 -13.6
q 110 37 -18.86
q 110 38 -6.96
q 110 39 -11.94
q 111 0 78.85
q 111 1 94.83
q 111 2 94.96
q 111 3 98.1
q 111 4 36.72
q 111 5 95.88
q 111 6 74.31
q 111 7 74.47
q 111 8 82.1
q 111 9 67.01
q 111 10 97.47
q 111 11 75.21
q 111 12 67.58
q 111 13 65.76
q 111 14 89.96
q 111 15 65.27
q 111 16 96.18
q 111 17 86.37
q 111 18 25.94
q 111 19 43.55
q 111 20 -15.3
q 111 21 -0.41
q 111 22 -5.8
q 111 23 -13.43
q 111 24 -5.47
q 111 25 -9.83
q 111 26 -10.5
q 111 27 -17.29
q 111 28 -14.76
q 111 29 -15.76
q 111 30 -13.62
q 111 31 -15.04
q 111 32 -5.34
q 111 33 -16.95
q 111 34 -17.01
q 111 35 -4.65
q 111 36 -7.86
q 111 37 -16.78
q 111 38 -17.51
q 111 39 -15.01
q 112 0 81.71
q 112 1 77
q 112 2 69.32
q 112 3 51.88
q 112 4 45.92
q 112 5 79.65
q 112 6 59.76
q 112 7 54.42
q 112 8 50.06
q 112 9 44.76
q 112 10 60.9
q 112 11 28.12
q 112 12 23.49
q 112 13 21.04
q 112 14 34.78
q 112 15 37.86
q 112 16 40.22
q 112 17 69.36
q 112 18 46.01
q 112 19 56.81
q 112 20 -9.05
q 112 21 -17.31
q 112 22 -16.07
q 112 23 -9.13
q 112 24 -8.35
q 112 25 -2.17
q 112 26 -18.54
q 112 27 -1.95
q 112 28 -6.68
q 112 29 -16.33
q 112 30 -14.25
q 112 31 -8.46
q 112 32 -3.43
q 112 33 -15.11
q 112 34 -5.6
q 112 35 -18.6
q 112 36 -0.97
q 112 37 -8.6
q 112 38 -14.7
q 112 39 -12.76
q 113 0 90.12
q 113 1 50.66
q 113 2 86.65
q 113 3 25.05
q 113 4 24.37
q 113 5 83.13
q 113 6 59.54
q 113 7 36.28
q 113 8 42.77
q 113 9 28.25
q 113 10 30.52
q 113 11 37.31
q 113 12 34.94
q 113 13 42.65
q 113 14 62.42
q 113 15 99.14
q 113 16 38.84
q 113 17 80.53
q 113 18 35.81
q 113 19 48.48
q 113 20 -17.11
q 113 21 -12.16
q 113 22 -19.39
q 113 23 -11.91
q 113 24 -6.28
q 113 25 -9.2
q 113 26 -8.63
q 113 27 -16.15
q 113 28 -5.79
q 113 29 -4.63
q 113 30 -18.28
q 113 31 -0.57
q 113 32 -12.02
q 113 33 -13.2
q 113 34 -13.81
q 113 35 -6.43
q 113 36 -19.34
q 113 37 -17.5
q 113 38 -0.1
q 113 39 -14.2
q 114 0 72.83
q 114 1 66.45
q 114 2 39.22
q 114 3 78.43
q 114 4 53.72
q 114 5 39.61
q 114 6 46.67
q 114 7 44.32
q 114 8 20.98
q 114 9 58.6
q 114 10 22.24
q 114 11 24.29
q 114 12 60.02
q 114 13 31.39
q 114 14 24.08
q 114 15 22.25
q 114 16 96.45
q 114 17 80.8
q 114 18 25.14
q 114 19 24.89
q 114 20 -15.74
q 114 21 -17.3
q 114 22 -6.75
q 114 23 -12.52
q 114 24 -19.28
q 114 25 -13.3
q 114 26 -4.97
q 114 27 -19.95
q 114 28 -10.56
q 114 29 -10.88
q 114 30 -9.84
q 114 31 -14.31
q 114 32 -11.31
q 114 33 -16.17
q 114 34 -7.38
q 114 35 -4.76
q 114 36 -9.18
q 114 37 -11.18
q 114 38 -12.42
q 114 39 -4.37
q 115 0 44.15
q 115 1 56.22
q 115 2 82.24
q 115 3 36.6
q 115 4 87.03
q 115 5 41.08
q 115 6 82
q 115 7 98.86
q 115 8 74.7
q 115 9 90.95
q 115 10 82.06
q 115 11 58.86
q 115 12 43.88
q 115 13 74.5
q 115 14 94.36
q 115 15 81.94
q 115 16 89.21
q 115 17 29.98
q 115 18 66.6
q 115 19 89.59
q 115 20 -4.14
q 115 21 -4.83
q 115 22 -3.13
q 115 23 -4.55
q 115 24 -2.53
q 115 25 -1.46
q 115 26 -5.87
q 115 27 -17.19
q 115 28 -8.11
q 115 29 -2.13
q 115 30 -6.23
q 115 31 -5.13
q 115 32 -4.84
q 115 33 -10.36
q 115 34 -16.4
q 115 35 -7.61
q 115 36 -18.29
q 115 37 -13.85
q 115 38 -14.13
q 115 39 -3.85
q 116 0 79.42
q 116 1 21.42
q 116 2 66.73
q 116 3 28.76
q 116 4 69.61
q 116 5 34.3
q 116 6 78.28
q 116 7 68
q 116 8 50.34
q 116 9 61.52
q 116 10 42.58
q 116 11 91.52
q 116 12 73.43
q 116 13 91.57
q 116 14 64.63
q 116 15 37.2
q 116 16 68.16
q 116 17 36.79
q 116 18 35.84
q 116 19 80.4
q 116 20 -8.96
q 116 21 -5.66
q 116 22 -6.8
q 116 23 -7.46
q 116 24 -4.66
q 116 25 -19.31
q 116 26 -15.87
q 116 27 -15.97
q 116 28 -5.89
q 116 29 -6.12
q 116 30 -8.36
q 116 31 -16.98
q 116 32 -18.99
q 116 33 -12.76
q 116 34 -7.03
q 116 35 -15.16
q 116 36 -10.6
q 116 37 -1.72
q 116 38 -17.58
q 116 39 -15.91
q 117 0 97.19
q 117 1 86.26
q 117 2 79.57
q 117 3 57.37
q 117 4 55.54
q 117 5 54.27
q 117 6 49.47
q 117 7 76.36
q 117 8 49.63
q 117 9 37.97
q 117 10 58.92
q 117 11 36.53
q 117 12 74.03
q 117 13 79.46
q 117 14 80.68
q 117 15 75.01
q 117 16 46.98
q 117 17 67.28
q 117 18 54.15
q 117 19 47.43
q 117 20 -2.73
q 117 21 -15.75
q 117 22 -17.58
q 117 23 -13.65
q 117 24 -2.67
q 117 25 -14.11
q 117 26 -8.99
q 117 27 -8.11
q 117 28 -3.01
q 117 29 -8.18
q 117 30 -14.75
q 117 31 -14.27
q 117 32 -14.65
q 117 33 -6.92
q 117 34 -14.79
q 117 35 -2.95
q 117 36 -15.1
q 117 37 -18.29
q 117 38 -11.25
q 117 39 -4.09
q 118 0 89.71
q 118 1 53.79
q 118 2 73.86
q 118 3 51.16
q 118 4 88.86
q 118 5 52.3
q 118 6 25.34
q 118 7 61.57
q 118 8 55.77
q 118 9 34.76
q 118 10 95.35
q 118 11 46.64
q 118 12 92.57
q 118 13 85.48
q 118 14 83.95
q 118 15 35.46
q 118 16 36.69
q 118 17 44.87
q 118 18 50.57
q 118 19 99.92
q 118 20 -3.73
q 118 21 -8.54
q 118 22 -4.93
q 118 23 -7.24
q 118 24 -8.69
q 118 25 -10.46
q 118 26 -11.39
q 118 27 -7.09
q 118 28 -3.08
q 118 29 -18.73
q 118 30 -7.04
q 118 31 -11.79
q 118 32 -2.67
q 118 33 -13.79
q 118 34 -2.22
q 118 35 -12.41
q 118 36 -7.77
q 118 37 -15.05
q 118 38 -14.69
q 118 39 -8.57
q 119 0 95.33
q 119 1 88.9
q 119 2 78.82
q 119 3 51.36
q 119 4 56.41
q 119 5 45.43
q 119 6 42.35
q 119 7 53.96
q 119 8 98
q 119 9 57.89
q 119 10 32.82
q 119 11 64.14
q 119 12 23.31
q 119 13 44.18
q 119 14 20.3
q 119 15 59.79
q 119 16 80.41
q 119 17 96.31
q 119 18 85.63
q 119 19 57.86
q 119 20 -8.52
q 119 21 -4.14
q 119 22 -5.21
q 119 23 -3.31
q 119 24 -7.63
q 119 25 -14.81
q 119 26 -4.55
q 119 27 -6.21
q 119 28 -5.88
q 119 29 -7.37
q 119 30 -5.01
q 119 31 -12.38
q 119 32 -13.98
q 119 33 -4.1
q 119 34 -18.25
q 119 35 -4.31
q 119 36 -5.72
q 119 37 -12.98
q 119 38 -6.08
q 119 39 -18.75
q 120 0 27.87
q 120 1 80.4
q 120 2 54.66
q 120 3 96.2
q 120 4 47.9
q 120 5 83.43
q 120 6 37.15
q 120 7 70.09
q 120 8 43.93
q 120 9 29.09
q 120 10 64.18
q 120 11 91.79
q 120 12 49.8
q 120 13 71.04
q 120 14 78.94
q 120 15 78.97
q 120 16 72.81
q 120 17 65.6
q 120 18 55.7
q 120 19 63.75
q 120 20 -0.93
q 120 21 -16.59
q 120 22 -3.26
q 120 23 -0.44
q 120 24 -16.05
q 120 25 -13.5
q 120 26 -15.67
q 120 27 -4.32
q 120 28 -12.77
q 120 29 -11.9
q 120 30 -8.3
q 120 31 -17.52
q 120 32 -13.26
q 120 33 -17.33
q 120 34 -11.84
q 120 35 -17.48
q 120 36 -18.79
q 120 37 -5.54
q 120 38 -13.92
q 120 39 -13.8
q 121 0 65.23
q 121 1 30.68
q 121 2 85.43
q 121 3 87.54
q 121 4 89.42
q 121 5 74.93
q 121 6 94.65
q 121 7 78.65
q 121 8 37.89
q 121 9 75
q 121 10 34.05
q 121 11 81.69
q 121 12 22.9
q 121 13 34.7
q 121 14 38.84
q 121 15 73.35
q 121 16 40.78
q 121 17 83.13
q 121 18 93.35
q 121 19 42.55
q 121 20 -18.01
q 121 21 -0.65
q 121 22 -9.32
q 121 23 -15.58
q 121 24 -4.43
q 121 25 -0.83
q 121 26 -6.02
q 121 27 -12.95
q 121 28 -18.98
q 121 29 -7.35
q 121 30 -2.44
q 121 31 -10.11
q 121 32 -13.2
q 121 33 -6.9
q 121 34 -11.55
q 121 35 -7.57
q 121 36 -19.81
q 121 37 -15.07
q 121 38 -4.52
q 121 39 -2.06
q 122 0 69.37
q 122 1 88.69
q 122 2 54
q 122 3 50.17
q 122 4 43.46
q 122 5 49.28
q 122 6 60.01
q 122 7 21.21
q 122 8 92.37
q 122 9 97.64
q 122 10 88.06
q 122 11 38.6
q 122 12 38.5
q 122 13 84.71
q 122 14 61.03
q 122 15 73.04
q 122 16 36.92
q 122 17 66.81
q 122 18 52.37
q 122 19 96.31
q 122 20 -17.8
q 122 21 -16.22
q 122 22 -9.27
q 122 23 -5.64
q 122 24 -5.21
q 122 25 -0.15
q 122 26 -16.2
q 122 27 -9.66
q 122 28 -0.95
q 122 29 -0.13
q 122 30 -5.6
q 122 31 -6.8
q 122 32 -10.62
q 122 33 -14.57
q 122 34 -1.16
q 122 35 -14.89
q 122 36 -6.2
q 122 37 -1.62
q 122 38 -6.11
q 122 39 -12.76
q 123 0 40.6
q 123 1 77.18
q 123 2 84.05
q 123 3 80.75
q 123 4 46.2
q 123 5 44.68
q 123 6 41.11
q 123 7 65.79
q 123 8 20.67
q 123 9 28.51
q 123 10 78.88
q 123 11 89.97
q 123 12 44.94
q 123 13 64.93
q 123 14 76.66
q 123 15 88.35
q 123 16 99.17
q 123 17 89.26
q 123 18 45.51
q 123 19 97.87
q 123 20 -16.44
q 123 21 -14.06
q 123 22 -7.27
q 123 23 -11.24
q 123 24 -17.6
q 123 25 -0.62
q 123 26 -16.24
q 123 27 -14.57
q 123 28 -12.81
q 123 29 -7.88
q 123 30 -3.48
q 123 31 -0.95
q 123 32 -3.11
q 123 33 -19.3
q 123 34 -11.5
q 123 35 -18.43
q 123 36 -13.55
q 123 37 -18.3
q 123 38 -8.35
q 123 39 -6.82
q 124 0 21.75
q 124 1 23.79
q 124 2 76.97
q 124 3 85.5
q 124 4 97
q 124 5 51.41
q 124 6 48.62
q 124 7 34.98
q 124 8 22.91
q 124 9 47.42
q 124 10 41.88
q 124 11 28.55
q 124 12 28.61
q 124 13 23.25
q 124 14 35.72
q 124 15 42.25
q 124 16 83.01
q 124 17 69.26
q 124 18 89.12
q 124 19 30.28
q 124 20 -11.5
q 124 21 -2.03
q 124 22 -7.21
q 124 23 -11.18
q 124 24 -19.23
q 124 25 -0.37
q 124 26 -4.87
q 124 27 -11.09
q 124 28 -4.57
q 124 29 -8.1
q 124 30 -10.08
q 124 31 -6.79
q 124 32 -18.17
q 124 33 -1.17
q 124 34 -7.94
q 124 35 -11.66
q 124 36 -17.75
q 124 37 -13.86
q 124 38 -10.54
q 124 39 -16.11
q 125 0 41.76
q 125 1 77.44
q 125 2 46.22
q 125 3 69.75
q 125 4 83.32
q 125 5 44.49
q 125 6 96.58
q 125 7 28.42
q 125 8 59.29
q 125 9 31.65
q 125 10 80.48
q 125 11 70.51
q 125 12 86.5
q 125 13 39.28
q 125 14 45.97
q 125 15 48.69
q 125 16 42.92
q 125 17 72.8
q 125 18 33.08
q 125 19 32.47
q 125 20 -11.74
q 125 21 -11.79
q 125 22 -16.03
q 125 23 -14.93
q 125 24 -10.75
q 125 25 -15.49
q 125 26 -12.94
q 125 27 -3.35
q 125 28 -15.58
q 125 29 -4.99
q 125 30 -16.17
q 125 31 -3.36
q 125 32 -16.73
q 125 33 -13.5
q 125 34 -3.59
q 125 35 -15.04
q 125 36 -1.91
q 125 37 -16.73
q 125 38 -3.28
q 125 39 -5.95
q 126 0 86.86
q 126 1 24.69
q 126 2 73.91
q 126 3 56.07
q 126 4 95.53
q 126 5 29.71
q 126 6 81.62
q 126 7 63.15
q 126 8 97.98
q 126 9 20.33
q 126 10 40.37
q 126 11 26
q 126 12 27.45
q 126 13 55.1
q 126 14 42.1
q 126 15 76.69
q 126 16 35.33
q 126 17 30.62
q 126 18 39.8
q 126 19 92.92
q 126 20 -4
q 126 21 -5.81
q 126 22 -1.3
q 126 23 -9.66
q 126 24 -9.79
q 126 25 -1.01
q 126 26 -18.39
q 126 27 -0.26
q 126 28 -7.07
q 126 29 -17.43
q 126 30 -3.8
q 126 31 -19.67
q 126 32 -0.02
q 126 33 -3.55
q 126 34 -8.49
q 126 35 -5.82
q 126 36 -5.4
q 126 37 -11.73
q 126 38 -14.87
q 126 39 -1.4
q 127 0 54.17
q 127 1 56.86
q 127 2 54.3
q 127 3 89.13
q 127 4 98.83
q 127 5 76.15
q 127 6 29.46
q 127 7 21.96
q 127 8 46.74
q 127 9 59.98
q 127 10 65.32
q 127 11 27.91
q 127 12 81.35
q 127 13 25.7
q 127 14 69.93
q 127 15 80.01
q 127 16 62.92
q 127 17 64.01
q 127 18 96.57
q 127 19 63.21
q 127 20 -9.16
q 127 21 -2.56
q 127 22 -0.66
q 127 23 -10.19
q 127 24 -7.76
q 127 25 -0.85
q 127 26 -11.44
q 127 27 -12.9
q 127 28 -3.3
q 127 29 -12.41
q 127 30 -7.36
q 127 31 -1.77
q 127 32 -17.37
q 127 33 -0.71
q 127 34 -7.95
q 127 35 -5.05
q 127 36 -6.28
q 127 37 -19.41
q 127 38 -16.22
q 127 39 -6.04
q 128 0 61.37
q 128 1 79.2
q 128 2 86.59
q 128 3 55.79
q 128 4 66.34
q 128 5 47.57
q 128 6 89.53
q 128 7 53.06
q 128 8 84.01
q 128 9 39.69
q 128 10 46.94
q 128 11 94.28
q 128 12 32.4
q 128 13 80.02
q 128 14 27.63
q 128 15 81.57
q 128 16 52.06
q 128 17 62.29
q 128 18 86.76
q 128 19 88.82
q 128 20 -9.24
q 128 21 -0.26
q 128 22 -15.95
q 128 23 -16.95
q 128 24 -19.47
q 128 25 -18.21
q 128 26 -7.71
q 128 27 -15.71
q 128 28 -4.39
q 128 29 -13.55
q 128 30 -1.01
q 128 31 -13.09
q 128 32 -0.43
q 128 33 -1.87
q 128 34 -7.25
q 128 35 -9.53
q 128 36 -18.12
q 128 37 -18.52
q 128 38 -6.07
q 128 39 -6.9
q 129 0 83.94
q 129 1 71.92
q 129 2 26.43
q 129 3 58.47
q 129 4 99.39
q 129 5 20.92
q 129 6 49.59
q 129 7 95.22
q 129 8 56.17
q 129 9 49.66
q 129 10 91.63
q 129 11 60.81
q 129 12 41.69
q 129 13 28.33
q 129 14 87.26
q 129 15 35.14
q 129 16 79.78
q 129 17 95.88
q 129 18 24.07
q 129 19 51.35
q 129 20 -6.55
q 129 21 -9.01
q 129 22 -14.35
q 129 23 -9.18
q 129 24 -9.21
q 129 25 -17
q 129 26 -0.74
q 129 27 -2.81
q 129 28 -16.23
q 129 29 -7.53
q 129 30 -0.79
q 129 31 -9.42
q 129 32 -5.41
q 129 33 -16.63
q 129 34 -9.23
q 129 35 -17.38
q 129 36 -15
q 129 37 -15.72
q 129 38 -12.22
q 129 39 -12.61
